0.4319
0.4261
0.4143
0.3987
0.3831
0.3655
0.3459
0.3244
0.3127
0.299
0.2971
0.2971
0.3068
0.3186
0.3342
0.3518
0.3733
0.385
0.3968
0.4085
0.4163
0.4104
0.4026
0.3948
0.387
0.3909
0.4026
0.4241
0.4476
0.471
0.4867
0.4964
0.5023
0.5042
0.5023
0.5023
0.4984
0.4925
0.4847
0.471
0.4593
0.4554
0.4612
0.473
0.4925
0.516
0.5355
0.5472
0.5512
0.5531
0.5453
0.5336
0.5277
0.5257
0.5257
0.5336
0.5472
0.5629
0.5766
0.5863
0.5922
0.5902
0.5824
0.5707
0.557
0.5433
0.5257
0.5101
0.5003
0.4867
0.4788
0.473
0.4593
0.4534
0.4476
0.4398
0.4417
0.4437
0.4476
0.4573
0.4691
0.4769
0.4749
0.4749
0.473
0.4749
0.4769
0.4788
0.4808
0.4867
0.4925
0.4925
0.4964
0.4984
0.5042
0.5062
0.5082
0.5121
0.514
0.5121
0.5062
0.5003
0.4906
0.4808
0.473
0.4749
0.4769
0.4867
0.5062
0.5238
0.5375
0.5531
0.5648
0.5805
0.5902
0.5942
0.602
0.6
0.602
0.6
0.5961
0.5961
0.5981
0.5961
0.5942
0.5981
0.5922
0.6
0.6117
0.6293
0.6411
0.6547
0.6704
0.6899
0.7016
0.729
0.7544
0.7759
0.8013
0.8189
0.8385
0.8502
0.8639
0.8717
0.8815
0.8854
0.8795
0.8775
0.8697
0.86
0.86
0.8658
0.8717
0.8775
0.8971
0.9049
0.9186
0.9362
0.9499
0.9616
0.9694
0.985
1.0007
1.0202
1.0359
1.0554
1.0671
1.071
1.0691
1.071
1.071
1.0593
1.0495
1.0359
1.0222
1.0183
1.0144
1.0124
1.0144
1.0202
1.0222
1.0222
1.0261
1.0241
1.0241
1.028
1.03
1.032
1.03
1.032
1.028
1.03
1.0378
1.0398
1.0359
1.028
1.0241
1.0222
1.0202
1.0144
1.0105
1.0065
1.0007
0.9909
0.9811
0.9772
0.9733
0.9792
0.985
1.0007
1.0124
1.0222
1.0378
1.0574
1.0691
1.0867
1.0964
1.1023
1.1101
1.1082
1.1004
1.0867
1.0691
1.0476
1.0261
1.0065
0.9929
0.9811
0.9714
0.9714
0.9831
0.9831
0.9948
0.9948
0.989
0.9811
0.9655
0.9499
0.9303
0.9108
0.8971
0.8854
0.8717
0.86
0.8482
0.8404
0.8287
0.8131
0.8013
0.7935
0.7955
0.8013
0.8189
0.8365
0.856
0.8815
0.901
0.9147
0.9323
0.942
0.9401
0.9401
0.9342
0.9225
0.899
0.8756
0.8443
0.8209
0.7916
0.7759
0.7701
0.7759
0.7837
0.7974
0.8091
0.817
0.817
0.8131
0.8033
0.7896
0.7818
0.7701
0.7583
0.7466
0.7368
0.729
0.7212
0.7173
0.7153
0.7153
0.7153
0.7134
0.7114
0.7075
0.7036
0.7036
0.7095
0.7173
0.731
0.7525
0.7701
0.7818
0.7974
0.8111
0.8267
0.8404
0.8482
0.856
0.8619
0.8619
0.86
0.858
0.8521
0.8482
0.8385
0.8306
0.815
0.8033
0.7935
0.7876
0.7837
0.7916
0.7955
0.8013
0.8111
0.8189
0.8306
0.8385
0.8482
0.8541
0.858
0.8658
0.8717
0.8815
0.8873
0.9049
0.9147
0.9245
0.9323
0.9245
0.9088
0.8893
0.8756
0.8639
0.8619
0.8717
0.8795
0.899
0.9127
0.9284
0.9323
0.9323
0.9264
0.9108
0.8912
0.8658
0.8443
0.8209
0.8033
0.7896
0.7798
0.7779
0.7876
0.7974
0.8228
0.8482
0.8717
0.8951
0.9147
0.9381
0.9518
0.9577
0.9616
0.9538
0.9479
0.9401
0.9342
0.9264
0.9264
0.9186
0.9147
0.9069
0.903
0.8932
0.8912
0.8834
0.8795
0.8775
0.8815
0.8854
0.8932
0.8951
0.8971
0.8932
0.8932
0.8912
0.8932
0.8971
0.9049
0.9166
0.9264
0.9401
0.9479
0.9557
0.9577
0.9577
0.9557
0.9499
0.944
0.944
0.942
0.9401
0.9401
0.9401
0.942
0.942
0.9362
0.9381
0.9381
0.9303
0.9303
0.9205
0.9147
0.901
0.8951
0.8854
0.8834
0.8815
0.8854
0.8932
0.903
0.9166
0.9264
0.9323
0.9401
0.942
0.9479
0.9479
0.9538
0.9538
0.9577
0.9635
0.9733
0.9772
0.9831
0.985
0.987
0.9792
0.9733
0.9616
0.9518
0.944
0.9362
0.9284
0.9147
0.901
0.8854
0.8658
0.8502
0.8345
0.8248
0.8209
0.817
0.8189
0.8267
0.8424
0.856
0.8756
0.8912
0.9049
0.9108
0.9127
0.9088
0.903
0.8893
0.8795
0.8697
0.8697
0.8697
0.8717
0.8795
0.8854
0.8834
0.8815
0.8775
0.8697
0.8639
0.8541
0.8482
0.8404
0.8345
0.8326
0.8287
0.8209
0.8189
0.8228
0.8209
0.815
0.8209
0.8228
0.8228
0.8287
0.8385
0.8482
0.8502
0.856
0.8619
0.8639
0.8639
0.8619
0.8639
0.8619
0.8639
0.8658
0.8717
0.8756
0.8775
0.8775
0.8873
0.8873
0.8971
0.901
0.903
0.9049
0.9088
0.9147
0.9127
0.9127
0.9127
0.9069
0.901
0.899
0.8912
0.8912
0.8893
0.8873
0.8932
0.8951
0.903
0.9147
0.9205
0.9323
0.942
0.9499
0.9499
0.946
0.9342
0.9186
0.9049
0.8932
0.8834
0.8834
0.8854
0.8912
0.8932
0.8951
0.8932
0.8893
0.8775
0.8697
0.86
0.8541
0.8502
0.8521
0.8521
0.856
0.8619
0.8678
0.8717
0.8795
0.8854
0.899
0.9088
0.9245
0.9362
0.9479
0.9538
0.9616
0.9694
0.9733
0.9694
0.9714
0.9635
0.9518
0.946
0.9323
0.9245
0.9186
0.9166
0.9186
0.9147
0.9108
0.9088
0.9088
0.901
0.8932
0.8893
0.8893
0.8854
0.8873
0.8873
0.8873
0.8854
0.8854
0.8971
0.9088
0.9245
0.9401
0.9538
0.9655
0.9655
0.9557
0.9518
0.9323
0.9108
0.8951
0.8756
0.8658
0.856
0.856
0.858
0.858
0.8502
0.8541
0.8521
0.8463
0.8482
0.8463
0.8463
0.856
0.8541
0.8541
0.8502
0.8521
0.8521
0.856
0.86
0.8639
0.8697
0.8756
0.8717
0.8736
0.8736
0.8678
0.8717
0.8717
0.8678
0.8697
0.8717
0.8736
0.8717
0.8697
0.8658
0.856
0.8521
0.8463
0.8463
0.8541
0.86
0.8717
0.8834
0.8893
0.8912
0.8971
0.901
0.9069
0.9186
0.9264
0.9362
0.942
0.944
0.9479
0.9479
0.9499
0.9518
0.9479
0.9381
0.9284
0.9127
0.9049
0.8971
0.8834
0.8775
0.8678
0.8658
0.8639
0.858
0.8541
0.8541
0.856
0.86
0.8697
0.8736
0.8756
0.8775
0.8795
0.8775
0.8736
0.8697
0.8678
0.8697
0.8717
0.8736
0.8717
0.8717
0.8678
0.858
0.856
0.8502
0.8541
0.86
0.8678
0.8736
0.8795
0.8815
0.8873
0.8854
0.8873
0.8893
0.899
0.9069
0.9186
0.9323
0.9479
0.9675
0.9811
1.0007
1.0183
1.0261
1.03
1.03
1.0261
1.0222
1.0163
1.0124
1.0085
1.0026
0.9987
1.0026
1.0065
1.0124
1.0124
1.0026
0.985
0.9675
0.944
0.9205
0.8971
0.8815
0.8678
0.8541
0.8326
0.8189
0.8072
0.7955
0.7896
0.7837
0.7818
0.7759
0.7701
0.774
0.7681
0.7622
0.7564
0.7505
0.7446
0.7407
0.7349
0.7368
0.7349
0.7407
0.7505
0.7622
0.7798
0.7994
0.8189
0.8365
0.8424
0.8541
0.858
0.8678
0.8736
0.8854
0.899
0.9127
0.9284
0.946
0.9596
0.9714
0.9792
0.985
0.985
0.989
0.9909
0.9929
0.9948
0.9948
0.989
0.9792
0.9694
0.9577
0.9518
0.9518
0.9479
0.942
0.9323
0.9205
0.9088
0.899
0.8932
0.8893
0.8873
0.8834
0.8834
0.8834
0.8775
0.8756
0.8717
0.8717
0.8717
0.8658
0.8619
0.856
0.8521
0.8502
0.8502
0.8482
0.856
0.8541
0.858
0.8619
0.8658
0.8639
0.86
0.858
0.858
0.8639
0.8756
0.8893
0.899
0.9166
0.9264
0.9303
0.9342
0.9362
0.9284
0.9264
0.9147
0.9049
0.8951
0.8854
0.8756
0.8717
0.8658
0.8521
0.8502
0.8404
0.8385
0.8365
0.8404
0.8443
0.86
0.8736
0.8912
0.9108
0.9284
0.944
0.9655
0.985
0.9968
1.0105
1.0202
1.0261
1.028
1.0241
1.0222
1.0124
1.0065
0.9909
0.9733
0.9538
0.9323
0.9088
0.8854
0.8639
0.8443
0.8287
0.8189
0.815
0.8091
0.8033
0.8033
0.8033
0.8111
0.8209
0.8345
0.8443
0.8658
0.8834
0.8951
0.903
0.903
0.899
0.901
0.9049
0.9088
0.9205
0.9342
0.9479
0.9616
0.9714
0.9772
0.9733
0.9655
0.9499
0.9362
0.9245
0.9049
0.8893
0.8815
0.8756
0.8815
0.8834
0.8854
0.8795
0.8775
0.8697
0.8521
0.8345
0.8189
0.8072
0.7896
0.7661
0.7446
0.7329
0.7095
0.6938
0.6782
0.6782
0.686
0.7075
0.7446
0.7857
0.8267
0.858
0.8873
0.9049
0.9147
0.9166
0.9166
0.9225
0.9284
0.9342
0.9381
0.9284
0.9088
0.8893
0.8756
0.8619
0.856
0.8521
0.8463
0.8424
0.8326
0.817
0.7994
0.7818
0.7622
0.7486
0.7368
0.731
0.729
0.7329
0.7368
0.7466
0.7583
0.7759
0.7818
0.7896
0.7974
0.8013
0.8111
0.815
0.815
0.815
0.8111
0.8013
0.7896
0.7779
0.7661
0.7583
0.7622
0.774
0.7974
0.8228
0.858
0.8932
0.9264
0.9714
1.0202
1.0652
1.1023
1.1277
1.1434
1.1512
1.1434
1.1355
1.1179
1.1043
1.0886
1.0749
1.0632
1.0534
1.0476
1.0417
1.0359
1.0241
1.0065
0.9772
0.9381
0.8815
0.8267
0.7701
0.7153
0.6704
0.6469
0.6352
0.6313
0.645
0.6645
0.6899
0.7192
0.7486
0.772
0.7837
0.7896
0.7857
0.7818
0.772
0.7701
0.774
0.774
0.7798
0.774
0.7681
0.7622
0.7564
0.7525
0.7486
0.7446
0.7368
0.7349
0.729
0.7251
0.7212
0.7153
0.7134
0.7212
0.731
0.7466
0.7661
0.7916
0.815
0.8306
0.8482
0.856
0.8639
0.8619
0.8658
0.8697
0.8815
0.901
0.9225
0.9499
0.9714
0.9772
0.9772
0.9655
0.9577
0.9596
0.9733
0.9929
1.0065
1.0065
0.987
0.9538
0.9069
0.86
0.8228
0.7974
0.7876
0.7974
0.8111
0.8306
0.8404
0.8424
0.8365
0.8306
0.8287
0.8502
0.8834
0.9225
0.9577
0.985
0.9968
0.985
0.9479
0.9049
0.858
0.815
0.7857
0.7661
0.7525
0.7603
0.7837
0.8131
0.8463
0.8697
0.8951
0.9205
0.9381
0.9635
0.987
1.0105
1.028
1.0359
1.0398
1.0398
1.032
1.0183
0.9987
0.9694
0.9381
0.9049
0.8815
0.8658
0.8541
0.8424
0.8326
0.8228
0.8131
0.7994
0.7896
0.7779
0.7642
0.7622
0.7622
0.7701
0.772
0.7759
0.774
0.774
0.772
0.7759
0.774
0.7779
0.772
0.7603
0.7505
0.7271
0.7036
0.6743
0.6469
0.6196
0.5902
0.5687
0.5414
0.5238
0.5238
0.5218
0.5297
0.5394
0.5492
0.5648
0.5785
0.5942
0.6078
0.6235
0.6372
0.6528
0.6665
0.6821
0.6958
0.7056
0.7173
0.729
0.7466
0.7642
0.7837
0.7994
0.8248
0.8541
0.8873
0.9303
0.9655
1.0007
1.0222
1.0339
1.032
1.0222
1.0007
0.9753
0.946
0.9186
0.8932
0.8854
0.8971
0.9147
0.944
0.9831
1.0202
1.0613
1.0906
1.1238
1.1531
1.1727
1.1883
1.1883
1.1727
1.1453
1.1121
1.0691
1.0163
0.9635
0.9108
0.8639
0.8267
0.8052
0.7994
0.7935
0.7935
0.7994
0.8189
0.8365
0.858
0.8775
0.8951
0.9088
0.9088
0.9069
0.903
0.8971
0.8912
0.8815
0.8619
0.8482
0.8443
0.8502
0.8639
0.8717
0.8756
0.8795
0.8795
0.8893
0.9049
0.9225
0.9362
0.9518
0.9675
0.9772
0.987
0.9948
1.0046
1.03
1.0632
1.1023
1.1434
1.1766
1.2078
1.2391
1.2626
1.288
1.3017
1.3173
1.329
1.3271
1.3212
1.3095
1.2938
1.2763
1.2606
1.245
1.2333
1.2078
1.1844
1.159
1.1375
1.1277
1.116
1.1121
1.116
1.1179
1.1121
1.1121
1.1004
1.0691
1.032
0.9929
0.946
0.9049
0.8639
0.8248
0.7955
0.772
0.7603
0.7544
0.7486
0.7544
0.7642
0.7759
0.7896
0.7974
0.7935
0.7837
0.7701
0.7407
0.7016
0.6821
0.6704
0.6469
0.6489
0.6587
0.6782
0.7095
0.7583
0.8072
0.858
0.9049
0.9381
0.9714
0.9929
1.0065
1.0085
1.0065
0.9987
0.9909
0.9811
0.9675
0.9479
0.9342
0.9264
0.9127
0.903
0.8834
0.86
0.8287
0.8052
0.7916
0.7916
0.7974
0.8052
0.817
0.8228
0.8189
0.8091
0.7857
0.7525
0.7075
0.6547
0.6078
0.5727
0.5551
0.5433
0.5355
0.5277
0.514
0.5062
0.4945
0.4788
0.4554
0.4456
0.4339
0.4339
0.4476
0.4808
0.5238
0.5668
0.6117
0.6391
0.6528
0.6547
0.6372
0.6157
0.5824
0.5531
0.5297
0.5121
0.4984
0.4945
0.4847
0.4632
0.428
0.3987
0.3635
0.3323
0.3166
0.3127
0.3186
0.3498
0.3792
0.4065
0.4339
0.4398
0.4358
0.4065
0.3772
0.3381
0.2932
0.256
0.2287
0.2052
0.1896
0.1818
0.172
0.1661
0.1505
0.1427
0.1349
0.1485
0.1661
0.1915
0.2306
0.2795
0.3323
0.3811
0.4143
0.4358
0.4476
0.4437
0.4339
0.4104
0.3831
0.3557
0.3303
0.3049
0.2834
0.2619
0.2443
0.2365
0.2248
0.2209
0.2072
0.1915
0.17
0.1368
0.0958
0.043
-0.0176
-0.0723
-0.1251
-0.1681
-0.2013
-0.2287
-0.2228
-0.2013
-0.1661
-0.1212
-0.0762
-0.0391
0
0.0352
0.0743
0.1055
0.1427
0.17
0.1935
0.2033
0.2033
0.1974
0.1994
0.1974
0.1954
0.1896
0.1818
0.1681
0.1466
0.1055
0.0528
-0.0039
-0.0567
-0.1055
-0.1388
-0.1642
-0.1739
-0.1896
-0.1954
-0.1759
-0.1329
-0.0801
-0.0235
0.0274
0.0704
0.0997
0.1173
0.129
0.1251
0.1036
0.0665
0.0195
-0.0235
-0.0547
-0.0665
-0.0586
-0.043
-0.0117
0.0274
0.0625
0.0938
0.1114
0.1094
0.0938
0.0665
0.0332
0
-0.0293
-0.0489
-0.0625
-0.0586
-0.045
-0.0274
-0.0039
0.0137
0.0254
0.0235
0.0078
-0.0176
-0.0352
-0.0313
-0.0156
0.0176
0.0528
0.086
0.1134
0.1231
0.1192
0.1055
0.0977
0.0938
0.1036
0.1153
0.1309
0.1544
0.17
0.1681
0.1544
0.1231
0.0899
0.0606
0.0391
0.0195
0.0117
0.0156
0.0332
0.0508
0.0821
0.1153
0.1427
0.1642
0.1915
0.2091
0.2189
0.2248
0.2287
0.2248
0.2248
0.2287
0.2287
0.2287
0.2306
0.2228
0.2052
0.1857
0.1544
0.127
0.1114
0.1094
0.1212
0.1329
0.1466
0.1642
0.1818
0.2033
0.2189
0.2326
0.2306
0.2248
0.2072
0.1857
0.1642
0.1466
0.1388
0.1407
0.1446
0.1466
0.1466
0.1564
0.1544
0.1544
0.1427
0.1212
0.1075
0.0958
0.0977
0.1075
0.127
0.1583
0.1915
0.2248
0.2502
0.2717
0.2814
0.2951
0.3049
0.3147
0.3283
0.3283
0.3225
0.3205
0.3205
0.3108
0.299
0.2756
0.2443
0.2209
0.2033
0.1876
0.1759
0.17
0.17
0.172
0.1681
0.1622
0.1564
0.1505
0.1427
0.1349
0.1368
0.1309
0.1309
0.129
0.129
0.129
0.1251
0.1212
0.1212
0.1251
0.1407
0.17
0.213
0.2482
0.2854
0.3108
0.3225
0.3166
0.299
0.2697
0.2209
0.1622
0.0997
0.045
0.0059
-0.0274
-0.0508
-0.0723
-0.0782
-0.0625
-0.0371
0
0.0332
0.0547
0.0645
0.0704
0.0899
0.1094
0.1349
0.1544
0.1681
0.1739
0.1681
0.1544
0.1349
0.1055
0.0801
0.0567
0.045
0.0332
0.0274
0.0195
0.0078
-0.0059
-0.0137
-0.0156
-0.0137
-0.002
0.0156
0.0293
0.0391
0.041
0.0489
0.0645
0.0684
0.0782
0.0958
0.1173
0.1329
0.1407
0.1446
0.1466
0.1485
0.1544
0.1583
0.1603
0.1583
0.1485
0.1368
0.1251
0.1055
0.0899
0.0801
0.0762
0.084
0.0977
0.1192
0.1349
0.1485
0.1622
0.1661
0.1661
0.1583
0.1544
0.1544
0.1642
0.172
0.1759
0.1681
0.1642
0.1622
0.1564
0.1388
0.1192
0.0997
0.0899
0.084
0.0821
0.0723
0.0645
0.0606
0.0567
0.0567
0.0625
0.0782
0.1036
0.1329
0.172
0.2052
0.2209
0.2326
0.2345
0.2345
0.2404
0.2404
0.2482
0.2521
0.2658
0.2717
0.2775
0.2658
0.2521
0.2365
0.2267
0.2228
0.2267
0.2287
0.2424
0.2482
0.2619
0.2619
0.2599
0.2599
0.2619
0.258
0.258
0.258
0.258
0.2639
0.2678
0.2736
0.2795
0.2717
0.2541
0.2345
0.2209
0.2091
0.2033
0.2033
0.2033
0.1954
0.1974
0.2091
0.2248
0.2482
0.2795
0.3068
0.3381
0.3616
0.3811
0.3968
0.4143
0.4183
0.4163
0.4085
0.3909
0.3811
0.3655
0.3498
0.3303
0.3166
0.2951
0.2697
0.2463
0.2072
0.1681
0.127
0.0977
0.0762
0.0684
0.0704
0.0723
0.0665
0.0606
0.0508
0.043
0.045
0.0586
0.0762
0.0997
0.1231
0.1485
0.1779
0.2033
0.2228
0.2365
0.2365
0.2306
0.2228
0.2013
0.1759
0.1466
0.1153
0.0879
0.0625
0.0332
0.0137
0.002
0.0059
0.0156
0.043
0.0665
0.084
0.0977
0.1016
0.1036
0.1055
0.1036
0.1055
0.1134
0.1134
0.1251
0.1427
0.17
0.2091
0.2521
0.2951
0.3381
0.3655
0.387
0.3968
0.4104
0.4183
0.4202
0.4202
0.4124
0.4046
0.3909
0.3811
0.3733
0.3557
0.3381
0.3283
0.3186
0.3088
0.2971
0.2873
0.2678
0.2443
0.2228
0.1954
0.1661
0.1368
0.1036
0.0684
0.0371
0.0137
-0.0078
-0.0195
-0.0176
-0.0156
-0.0117
-0.0059
0.0078
0.0254
0.0586
0.0977
0.1427
0.1857
0.2228
0.2443
0.2521
0.2482
0.2326
0.215
0.1857
0.17
0.1564
0.1368
0.1192
0.1016
0.0704
0.0352
0.0059
-0.0059
-0.0098
0.002
0.0195
0.0371
0.0586
0.0801
0.0958
0.1075
0.1134
0.1192
0.1368
0.1466
0.127
0.0997
0.0782
0.0723
0.0684
0.0586
0.043
0.0489
0.086
0.1564
0.258
0.3713
0.473
0.5414
0.5805
0.5824
0.5609
0.5218
0.4652
0.4007
0.3323
0.2541
0.17
0.1212
0.0821
0.0469
0.0235
0.0215
0.0274
0.0371
0.0606
0.084
0.0958
0.1173
0.1427
0.1798
0.2365
0.2775
0.3088
0.3205
0.3166
0.2854
0.2502
0.2052
0.1622
0.1466
0.1466
0.1564
0.1798
0.2209
0.256
0.2756
0.2912
0.3088
0.3244
0.3323
0.3264
0.301
0.2619
0.2326
0.2091
0.1915
0.17
0.127
0.0684
0.0332
0.0235
0.0137
0.0078
0
0.002
0.0274
0.0782
0.1349
0.2013
0.258
0.3029
0.3244
0.3323
0.3166
0.2795
0.2443
0.2072
0.1837
0.1681
0.1564
0.1427
0.127
0.127
0.1544
0.1896
0.215
0.2209
0.213
0.2033
0.1974
0.2052
0.2013
0.2033
0.2111
0.2169
0.2091
0.2013
0.1759
0.1505
0.1329
0.1231
0.1231
0.1251
0.1231
0.1212
0.129
0.1368
0.1446
0.1388
0.127
0.1192
0.1192
0.1329
0.1544
0.1759
0.1779
0.172
0.1681
0.1739
0.1798
0.1818
0.1739
0.1583
0.1564
0.1642
0.17
0.1837
0.1798
0.1818
0.1896
0.1876
0.1954
0.2111
0.2404
0.2599
0.2814
0.2873
0.2795
0.2736
0.258
0.2306
0.2033
0.1798
0.1583
0.1368
0.1173
0.1114
0.1212
0.1212
0.1231
0.1212
0.1368
0.1603
0.1876
0.1974
0.2072
0.2169
0.2404
0.2678
0.2854
0.2814
0.2639
0.2365
0.2228
0.2345
0.2541
0.2717
0.2873
0.2971
0.2893
0.2834
0.2775
0.2717
0.2697
0.2775
0.2834
0.2854
0.2697
0.2599
0.256
0.2619
0.2697
0.2736
0.2756
0.2736
0.2639
0.2599
0.2775
0.301
0.3108
0.2893
0.2639
0.2384
0.2169
0.2072
0.2248
0.2209
0.2033
0.1857
0.1642
0.1583
0.1583
0.1622
0.1681
0.1739
0.1818
0.1954
0.2091
0.215
0.2287
0.2384
0.258
0.2873
0.3205
0.342
0.3498
0.3401
0.3186
0.2814
0.2365
0.1896
0.1485
0.1055
0.0782
0.0743
0.086
0.0997
0.1231
0.1505
0.1798
0.2072
0.2248
0.2267
0.2306
0.2306
0.2326
0.2287
0.2306
0.2209
0.213
0.1954
0.1876
0.1896
0.2072
0.2248
0.2267
0.2091
0.1739
0.1329
0.0919
0.0665
0.0586
0.0625
0.0762
0.0879
0.1075
0.1329
0.1466
0.1583
0.1681
0.172
0.1739
0.1857
0.2033
0.2228
0.2443
0.256
0.256
0.2443
0.2365
0.2209
0.2033
0.1915
0.1954
0.1935
0.1759
0.1544
0.1427
0.1212
0.1016
0.0919
0.086
0.0801
0.0958
0.1251
0.1564
0.1954
0.2306
0.2541
0.2599
0.2463
0.2267
0.1994
0.1642
0.1192
0.084
0.0547
0.045
0.0547
0.0899
0.1309
0.172
0.2111
0.2463
0.2834
0.3264
0.3674
0.4026
0.4456
0.4652
0.4358
0.3792
0.3088
0.2326
0.1407
0.043
-0.0723
-0.1837
-0.2463
-0.2404
-0.1485
-0.0254
0.1036
0.213
0.2854
0.2912
0.2384
0.1427
0.045
-0.0391
-0.1153
-0.1837
-0.2013
-0.1759
-0.1368
-0.0821
-0.041
-0.0078
0.0274
0.0665
0.1212
0.1818
0.2541
0.3108
0.3362
0.3303
0.2814
0.2013
0.0977
-0.0039
-0.086
-0.1349
-0.1603
-0.1603
-0.1368
-0.0879
-0.0352
0.0254
0.0704
0.1016
0.1153
0.0977
0.0508
-0.0078
-0.0528
-0.0782
-0.0938
-0.0997
-0.0879
-0.0586
-0.0156
0.0352
0.0899
0.129
0.1388
0.1349
0.1231
0.1192
0.1173
0.0958
0.0821
0.0665
0.0625
0.0586
0.0489
0.0352
0.0117
-0.0195
-0.0547
-0.0899
-0.1114
-0.1231
-0.1173
-0.1075
-0.1036
-0.1094
-0.1192
-0.1231
-0.1173
-0.1036
-0.0782
-0.0293
0.0371
0.1251
0.2072
0.2697
0.3108
0.3323
0.3244
0.3049
0.2717
0.2287
0.1818
0.1329
0.0899
0.0547
0.0215
0.0059
0
0.0059
0.0176
0.0332
0.0547
0.0723
0.0899
0.1036
0.1212
0.1407
0.1485
0.1446
0.1446
0.1368
0.1212
0.086
0.0371
-0.0195
-0.0684
-0.1036
-0.1212
-0.1212
-0.1192
-0.0919
-0.0352
0.0195
0.0821
0.1505
0.2091
0.2424
0.2658
0.2756
0.2756
0.2658
0.2678
0.2756
0.2873
0.2854
0.299
0.3049
0.3127
0.3029
0.2658
0.215
0.1837
0.172
0.1622
0.1583
0.1583
0.1544
0.1564
0.1583
0.1446
0.1114
0.0684
0.0274
-0.0039
-0.0235
-0.0195
0.0039
0.041
0.086
0.1309
0.1759
0.1994
0.2013
0.1876
0.1583
0.129
0.1212
0.1153
0.1309
0.1661
0.1954
0.2052
0.2052
0.2013
0.2033
0.2169
0.2267
0.2287
0.2013
0.1661
0.1212
0.0938
0.0782
0.0625
0.045
0.0547
0.0684
0.086
0.0782
0.0547
0.0332
0.0391
0.0762
0.1251
0.1837
0.2248
0.2482
0.2443
0.2209
0.1837
0.1427
0.1114
0.0938
0.0801
0.0801
0.1036
0.1349
0.172
0.1994
0.2209
0.2209
0.213
0.2052
0.2111
0.2345
0.2541
0.2639
0.2502
0.2326
0.2189
0.2052
0.1915
0.1935
0.2033
0.2228
0.2443
0.2463
0.2326
0.2189
0.2033
0.1896
0.1935
0.2033
0.2033
0.2052
0.1974
0.1798
0.1603
0.1603
0.1779
0.1994
0.2169
0.2209
0.2189
0.2072
0.1935
0.1837
0.1818
0.1837
0.1857
0.1896
0.1954
0.1837
0.1759
0.1915
0.2267
0.2639
0.2775
0.2756
0.2619
0.2345
0.2033
0.1896
0.1896
0.1935
0.1876
0.1837
0.1779
0.1759
0.1681
0.1485
0.1192
0.1075
0.1016
0.0919
0.0919
0.1016
0.1388
0.1759
0.1896
0.2013
0.2287
0.258
0.2873
0.2951
0.2912
0.2854
0.2736
0.2639
0.2541
0.2502
0.2424
0.2345
0.2248
0.2091
0.1954
0.172
0.1485
0.1349
0.1446
0.17
0.2072
0.2248
0.2209
0.2072
0.1896
0.1876
0.2052
0.2306
0.2463
0.256
0.2697
0.2814
0.2971
0.3029
0.301
0.2893
0.2736
0.2463
0.2267
0.2052
0.1915
0.1779
0.17
0.1564
0.1485
0.1446
0.1427
0.1603
0.1857
0.2052
0.2111
0.2091
0.2072
0.2209
0.2384
0.2424
0.2404
0.2482
0.2717
0.3049
0.3283
0.3479
0.3635
0.3753
0.3733
0.3635
0.3401
0.3068
0.2717
0.2287
0.1954
0.172
0.1583
0.1466
0.1349
0.1231
0.1114
0.0977
0.0782
0.0645
0.0586
0.0508
0.0528
0.0704
0.1016
0.1192
0.1446
0.1661
0.1876
0.2033
0.2091
0.2052
0.1974
0.1857
0.1876
0.1935
0.1935
0.1954
0.2052
0.213
0.2248
0.2306
0.2169
0.1896
0.1505
0.1094
0.084
0.0879
0.1153
0.1466
0.1818
0.1935
0.1818
0.1739
0.17
0.172
0.172
0.17
0.1564
0.1329
0.1036
0.0743
0.0469
0.0371
0.0547
0.1114
0.1837
0.2482
0.2971
0.3459
0.3831
0.4065
0.4222
0.4065
0.3674
0.3186
0.2658
0.2248
0.1935
0.1661
0.1427
0.1212
0.1075
0.1114
0.1192
0.1231
0.1349
0.1583
0.1974
0.2463
0.2951
0.3303
0.3518
0.3557
0.3381
0.2971
0.2502
0.1974
0.1544
0.1212
0.084
0.0332
-0.0235
-0.0958
-0.1407
-0.1544
-0.1329
-0.0743
0.0039
0.1016
0.2052
0.3127
0.4046
0.471
0.4964
0.4769
0.43
0.3713
0.3029
0.213
0.0997
-0.0215
-0.1388
-0.2365
-0.2814
-0.2756
-0.2326
-0.1505
-0.0684
0.0098
0.0899
0.1603
0.1896
0.1837
0.1524
0.1055
0.0508
0.0176
-0.0039
-0.0235
-0.045
-0.043
-0.0293
0.0176
0.086
0.1544
0.1857
0.1798
0.1485
0.0821
0.0176
-0.0371
-0.0665
-0.0782
-0.0684
-0.0332
0.0313
0.1251
0.2228
0.2951
0.3459
0.3772
0.3772
0.3323
0.2345
0.1134
-0.002
-0.1036
-0.1779
-0.2384
-0.2697
-0.2736
-0.2658
-0.2248
-0.1505
-0.0508
0.043
0.1231
0.1818
0.2365
0.2873
0.3068
0.2971
0.2678
0.2169
0.1681
0.1173
0.0704
0.0254
-0.0293
-0.0782
-0.1173
-0.1388
-0.1407
-0.1251
-0.1036
-0.0743
-0.045
-0.0156
0.0332
0.0919
0.1564
0.2169
0.258
0.2697
0.2521
0.2091
0.1524
0.0879
0.041
0.0156
0
-0.002
0.0137
0.041
0.0723
0.0997
0.1251
0.1349
0.1368
0.129
0.1114
0.0977
0.0919
0.0919
0.0899
0.0684
0.0313
-0.0039
-0.0235
-0.0215
-0.0313
-0.045
-0.0547
-0.0567
-0.045
-0.0254
0.0039
0.0645
0.1251
0.1779
0.2033
0.1954
0.1759
0.1505
0.129
0.1251
0.1427
0.1603
0.1485
0.1192
0.0977
0.0919
0.0919
0.0899
0.0723
0.0645
0.0723
0.1016
0.1349
0.1661
0.1837
0.1974
0.2052
0.1974
0.1857
0.1739
0.1583
0.1446
0.1192
0.0821
0.0528
0.0352
0.041
0.0489
0.0508
0.0684
0.0977
0.1427
0.1954
0.2404
0.2697
0.2912
0.2971
0.2873
0.2658
0.2384
0.213
0.1896
0.1603
0.1212
0.0801
0.0371
-0.0039
-0.0352
-0.0567
-0.0665
-0.0528
-0.0195
0.0117
0.043
0.0625
0.0899
0.1212
0.1544
0.172
0.1779
0.1622
0.1485
0.1622
0.1954
0.1974
0.2033
0.2169
0.2384
0.2345
0.2267
0.2091
0.1818
0.1759
0.1896
0.2052
0.2013
0.2033
0.2072
0.2267
0.2365
0.2345
0.2209
0.2111
0.1935
0.1798
0.1779
0.1681
0.1622
0.1544
0.1349
0.1173
0.0938
0.0801
0.0684
0.0645
0.0704
0.0782
0.1016
0.127
0.1388
0.1466
0.1485
0.1524
0.1544
0.1583
0.1681
0.1798
0.2013
0.2189
0.2228
0.2013
0.1739
0.1524
0.1485
0.1661
0.1896
0.2013
0.2111
0.213
0.2189
0.2248
0.2306
0.2189
0.2013
0.1779
0.1583
0.1485
0.1524
0.1681
0.1896
0.215
0.2228
0.2189
0.2189
0.2209
0.2267
0.2189
0.2091
0.2169
0.2365
0.2443
0.2482
0.2502
0.2443
0.2345
0.2248
0.2111
0.1974
0.1759
0.1485
0.1251
0.1055
0.0919
0.0879
0.0899
0.1212
0.1759
0.2267
0.2424
0.2365
0.213
0.1915
0.1759
0.1739
0.1818
0.1896
0.1974
0.1896
0.1818
0.1779
0.1896
0.2111
0.2306
0.2443
0.2267
0.2033
0.1818
0.1681
0.1603
0.1681
0.1739
0.1915
0.2111
0.2189
0.2169
0.2248
0.2345
0.2384
0.2345
0.2306
0.2248
0.2248
0.2189
0.2013
0.1876
0.1935
0.2072
0.2267
0.2443
0.2599
0.2599
0.2502
0.2326
0.2287
0.2345
0.2326
0.2267
0.2169
0.2111
0.2189
0.2463
0.258
0.2599
0.2639
0.2541
0.2365
0.2072
0.1661
0.1251
0.0899
0.0762
0.0704
0.0879
0.1036
0.1094
0.1055
0.0958
0.0919
0.1036
0.1173
0.1173
0.0938
0.0528
0.0039
-0.0254
-0.0274
-0.0059
0.0371
0.1016
0.1798
0.2482
0.3088
0.3498
0.3811
0.4007
0.4104
0.4026
0.3713
0.2971
0.2013
0.0919
0.0039
-0.0625
-0.0997
-0.1251
-0.1446
-0.1544
-0.1349
-0.0958
-0.0391
0.0313
0.0977
0.1622
0.2248
0.2834
0.3362
0.3713
0.3772
0.3459
0.2893
0.2091
0.1368
0.0782
0.0469
0.0235
0.0117
0.0078
0.0059
0.0489
0.1075
0.1818
0.2365
0.2639
0.2678
0.2639
0.2424
0.1935
0.1231
0.0586
0.0156
-0.0039
-0.0078
-0.0137
-0.0215
-0.0235
-0.0098
0.0059
0.0176
0.0352
0.0645
0.1075
0.1603
0.2169
0.2619
0.2775
0.2736
0.2599
0.2345
0.2072
0.1739
0.1309
0.0821
0.0508
0.0254
0.0215
0.043
0.086
0.1642
0.258
0.3401
0.387
0.4007
0.3909
0.3498
0.2814
0.2189
0.1622
0.1153
0.0586
0.0078
-0.0489
-0.1075
-0.1681
-0.2111
-0.2169
-0.1954
-0.1466
-0.0821
-0.0117
0.045
0.0879
0.127
0.1505
0.1544
0.1446
0.129
0.0977
0.0547
0.0215
0.0078
0.0117
0.0332
0.0625
0.0977
0.1251
0.1388
0.1485
0.1212
0.0586
-0.0195
-0.0938
-0.1603
-0.2091
-0.2248
-0.1857
-0.0743
0.0665
0.2111
0.3479
0.4358
0.4788
0.4515
0.3596
0.215
0.0586
-0.0899
-0.2267
-0.3342
-0.4026
-0.428
-0.4222
-0.3596
-0.256
-0.1309
-0.0176
0.0801
0.1661
0.2267
0.3068
0.3811
0.3948
0.3166
0.1681
0
-0.1466
-0.2521
-0.3049
-0.2971
-0.2345
-0.1681
-0.1036
-0.043
0.0117
0.0606
0.1094
0.17
0.215
0.2326
0.2267
0.2111
0.2013
0.1759
0.1173
0.0235
-0.0762
-0.1583
-0.2287
-0.2756
-0.2717
-0.2443
-0.1994
-0.129
-0.0254
0.1016
0.2169
0.3068
0.3498
0.3498
0.3264
0.2971
0.2658
0.2228
0.1466
0.045
-0.0625
-0.1309
-0.1837
-0.2345
-0.2736
-0.2834
-0.2619
-0.2091
-0.1309
-0.0371
0.0508
0.1134
0.1544
0.1681
0.1642
0.1524
0.1466
0.1192
0.0704
-0.0117
-0.0801
-0.1231
-0.1466
-0.1368
-0.0879
-0.0528
-0.0528
-0.0704
-0.086
-0.0958
-0.0782
-0.0371
0.002
0.043
0.0997
0.1446
0.1603
0.1446
0.1446
0.1661
0.1974
0.1935
0.1544
0.1075
0.0625
-0.0039
-0.0704
-0.1075
-0.1055
-0.0977
-0.0899
-0.0997
-0.0958
-0.0352
0.0606
0.1524
0.215
0.2404
0.2424
0.2502
0.2678
0.2775
0.2814
0.2619
0.215
0.1583
0.084
0.0078
-0.0215
-0.0371
-0.0801
-0.1446
-0.2072
-0.2502
-0.258
-0.2326
-0.1603
-0.045
0.0762
0.1485
0.1544
0.1094
0.0508
0.0313
0.0528
0.084
0.084
0.0625
0.0371
0.0156
0.0098
0.0215
0.0606
0.0938
0.1114
0.1094
0.127
0.1642
0.1837
0.1759
0.1564
0.1329
0.0958
0.0821
0.0879
0.0997
0.1134
0.1251
0.1309
0.1192
0.0879
0.0469
0
-0.0352
-0.0508
-0.0528
-0.0684
-0.0958
-0.1055
-0.0938
-0.0801
-0.045
0.0274
0.0997
0.17
0.2287
0.2717
0.2912
0.3049
0.3068
0.2775
0.2404
0.1837
0.1212
0.0606
-0.0215
-0.0782
-0.1036
-0.1134
-0.1309
-0.1544
-0.1798
-0.1642
-0.1192
-0.0528
0.0156
0.0684
0.1114
0.1544
0.1798
0.1935
0.1896
0.17
0.1446
0.1192
0.1134
0.1153
0.0821
0.0567
0.0762
0.1153
0.1564
0.1661
0.1388
0.0997
0.0606
0.043
0.0391
0.041
0.0547
0.0743
0.0919
0.1016
0.0997
0.0977
0.1036
0.1114
0.1212
0.1212
0.1134
0.1114
0.1251
0.1505
0.1681
0.1759
0.1837
0.1954
0.2052
0.2052
0.1915
0.1642
0.1349
0.1016
0.0782
0.0684
0.0723
0.0977
0.1446
0.1837
0.2111
0.2072
0.1896
0.1603
0.1427
0.1505
0.1603
0.1622
0.1622
0.1505
0.1388
0.1309
0.1446
0.1681
0.1857
0.1954
0.1798
0.1564
0.1505
0.1661
0.1896
0.2091
0.2033
0.1505
0.0821
0.043
0.0391
0.045
0.0567
0.084
0.1212
0.1583
0.1876
0.2111
0.2189
0.2228
0.2228
0.2345
0.256
0.2775
0.2893
0.2971
0.2893
0.2697
0.2306
0.1935
0.1603
0.1349
0.1153
0.1094
0.1075
0.0645
0.045
0.045
0.0489
0.0606
0.0665
0.0743
0.0899
0.1173
0.1505
0.1896
0.2169
0.2345
0.2404
0.2541
0.2756
0.3186
0.3635
0.3811
0.3831
0.3655
0.3225
0.256
0.1876
0.127
0.0821
0.041
-0.0156
-0.0606
-0.084
-0.0821
-0.0801
-0.0567
-0.0098
0.0625
0.1407
0.2169
0.2775
0.3225
0.3518
0.3713
0.3772
0.3733
0.3674
0.3498
0.3303
0.3108
0.2873
0.2599
0.2326
0.213
0.1994
0.1759
0.1388
0.0938
0.0371
-0.0117
-0.0606
-0.1036
-0.127
-0.1192
-0.0919
-0.0371
0.0352
0.0938
0.1153
0.1231
0.1212
0.1173
0.1212
0.1212
0.1212
0.1251
0.1349
0.1622
0.1779
0.1739
0.1681
0.1427
0.1134
0.0625
0.0059
-0.045
-0.0723
-0.0704
-0.0469
0.0195
0.1036
0.2209
0.3186
0.3811
0.4104
0.4124
0.3889
0.3518
0.3088
0.2521
0.1876
0.1134
0.0274
-0.0625
-0.127
-0.1661
-0.1544
-0.1075
-0.0254
0.084
0.1974
0.299
0.3655
0.4026
0.4202
0.4202
0.4143
0.4163
0.3987
0.3655
0.2912
0.1994
0.0919
-0.0117
-0.1212
-0.2658
-0.4143
-0.5179
-0.559
-0.5042
-0.3713
-0.1896
-0.0098
0.1309
0.2306
0.2756
0.2678
0.2345
0.1759
0.1055
0.0254
-0.0371
-0.0704
-0.0645
-0.0332
0.0195
0.0743
0.1446
0.2209
0.2736
0.3029
0.3166
0.2932
0.2248
0.1212
0.0078
-0.086
-0.1661
-0.2365
-0.2834
-0.3068
-0.3225
-0.2854
-0.1876
-0.0547
0.0665
0.1583
0.2248
0.2658
0.2893
0.2971
0.2736
0.2072
0.0997
-0.0391
-0.1681
-0.2795
-0.3713
-0.4358
-0.473
-0.471
-0.4358
-0.3616
-0.256
-0.1309
-0.0078
0.0938
0.172
0.2209
0.2599
0.2736
0.2717
0.2463
0.2033
0.1544
0.1231
0.0997
0.0665
0.0117
-0.0645
-0.1427
-0.2267
-0.2893
-0.3186
-0.3029
-0.2345
-0.1407
-0.0274
0.0801
0.1661
0.2326
0.2795
0.3049
0.3108
0.3029
0.2951
0.2893
0.2854
0.2736
0.258
0.2248
0.172
0.1349
0.1036
0.0665
0.0078
-0.0547
-0.1212
-0.172
-0.2091
-0.2169
-0.2013
-0.1798
-0.1739
-0.1818
-0.1876
-0.2091
-0.2287
-0.2228
-0.1837
-0.1094
-0.0176
0.0743
0.1505
0.2267
0.3244
0.4378
0.514
0.5375
0.5277
0.4925
0.4417
0.3831
0.3264
0.2658
0.2209
0.1857
0.1231
0.0567
-0.0078
-0.0665
-0.1075
-0.1094
-0.0782
-0.0313
-0.0078
-0.0195
-0.0352
-0.0332
0.002
0.0489
0.0879
0.1114
0.1485
0.1876
0.2052
0.2072
0.2033
0.1896
0.1818
0.1837
0.1759
0.17
0.1798
0.2033
0.2169
0.2013
0.1505
0.0879
0.0313
-0.0078
-0.0391
-0.041
-0.0195
0.0254
0.0313
0
-0.0137
-0.002
0.0156
0.0176
-0.0078
-0.0371
-0.0391
-0.0059
0.045
0.084
0.1094
0.1192
0.1212
0.1192
0.1134
0.1016
0.0977
0.0958
0.0997
0.1212
0.1407
0.1407
0.1446
0.1192
0.0801
0.045
0.0274
0.0176
0.0117
-0.0039
-0.0274
-0.0332
0.002
0.0489
0.0821
0.0899
0.0743
0.045
0.0117
-0.0078
0.002
0.041
0.0919
0.1368
0.1544
0.1466
0.127
0.1173
0.1134
0.1114
0.1075
0.0919
0.0665
0.0469
0.0547
0.0762
0.1094
0.127
0.1251
0.1114
0.086
0.084
0.0977
0.1094
0.1094
0.086
0.0606
0.041
0.0371
0.0332
0.043
0.0606
0.0801
0.1036
0.1231
0.1368
0.1407
0.1407
0.127
0.1134
0.0977
0.0977
0.1231
0.1622
0.2013
0.2228
0.2287
0.2169
0.1857
0.1407
0.086
0.043
0.0313
0.0469
0.0508
0.0313
0.0098
-0.0254
-0.0371
-0.0215
0.002
0.0293
0.0567
0.084
0.1055
0.1192
0.1368
0.1583
0.1818
0.1915
0.1876
0.1837
0.172
0.1544
0.1368
0.129
0.127
0.127
0.1329
0.1466
0.1446
0.1505
0.17
0.1661
0.172
0.1857
0.2111
0.2463
0.2639
0.2736
0.2697
0.256
0.2345
0.2072
0.1876
0.17
0.1466
0.127
0.1153
0.1055
0.0938
0.0879
0.0899
0.1036
0.127
0.1427
0.1583
0.1622
0.1564
0.1446
0.1368
0.1231
0.0938
0.0508
0.0059
-0.0274
-0.045
-0.0371
-0.0195
0.0156
0.0489
0.0801
0.1153
0.1622
0.1935
0.2111
0.2248
0.2287
0.2424
0.2502
0.2404
0.2209
0.1896
0.1524
0.1134
0.0821
0.0528
0.0332
0.0215
0.0235
0.0254
0.0215
0.0195
0.0137
0.0098
0.0059
0.0039
0.0078
0.0098
0.0078
-0.0039
-0.0176
-0.0195
0
0.0195
0.043
0.0645
0.0879
0.1251
0.1603
0.1954
0.2209
0.2267
0.2169
0.1818
0.1544
0.129
0.1036
0.0821
0.0528
0.0078
-0.0391
-0.0919
-0.1349
-0.1505
-0.1505
-0.1173
-0.0469
0.0313
0.0977
0.1251
0.1114
0.0743
0.0352
0
-0.0137
-0.0254
-0.0254
-0.0293
-0.0606
-0.0919
-0.0879
-0.0606
-0.0469
-0.0508
-0.0645
-0.0665
-0.0371
0.0508
0.2013
0.3557
0.4261
0.3733
0.2404
0.1016
-0.0235
-0.1329
-0.2345
-0.2795
-0.2756
-0.2404
-0.1954
-0.1329
-0.0313
0.0762
0.172
0.2619
0.3635
0.4554
0.4945
0.4339
0.2697
0.0762
-0.1134
-0.299
-0.4593
-0.5961
-0.6801
-0.7075
-0.6821
-0.5805
-0.387
-0.1388
0.0919
0.2834
0.4202
0.4867
0.4652
0.3694
0.2189
0.0723
-0.0469
-0.1388
-0.2228
-0.3264
-0.4065
-0.4339
-0.4026
-0.344
-0.2678
-0.1935
-0.1153
-0.0371
0.0371
0.0899
0.1153
0.1231
0.1173
0.1114
0.0997
0.0743
0.0274
-0.0352
-0.0997
-0.1427
-0.1642
-0.1544
-0.1466
-0.1427
-0.1564
-0.1779
-0.1896
-0.1935
-0.1798
-0.1446
-0.0782
-0.0098
0.0586
0.127
0.1759
0.1994
0.1994
0.17
0.1075
0.0371
-0.0235
-0.0684
-0.0899
-0.1094
-0.1329
-0.1466
-0.1739
-0.2072
-0.2678
-0.3323
-0.3518
-0.3166
-0.2384
-0.1583
-0.0977
-0.041
0.043
0.1309
0.2072
0.2697
0.3186
0.3655
0.3968
0.3987
0.3694
0.3029
0.2248
0.1407
0.0547
-0.041
-0.127
-0.172
-0.1759
-0.1857
-0.256
-0.3401
-0.3362
-0.2345
-0.1309
-0.0801
-0.0352
0.0352
0.127
0.2287
0.3166
0.3889
0.4222
0.4339
0.4026
0.3381
0.2639
0.2248
0.2169
0.2033
0.1622
0.1036
0.0332
-0.0235
-0.0801
-0.1016
-0.127
-0.17
-0.1779
-0.1134
-0.0215
0.043
0.0684
0.0586
0.0293
0.0137
0.0332
0.0782
0.1466
0.1798
0.1505
0.1212
0.1505
0.2091
0.2599
0.2834
0.2717
0.2541
0.2658
0.2873
0.3049
0.3205
0.2951
0.2639
0.2424
0.2267
0.2072
0.1759
0.1309
0.0723
0.0098
-0.0371
-0.0684
-0.1153
-0.1388
-0.1094
-0.0489
0.0176
0.0723
0.1075
0.129
0.172
0.2287
0.2893
0.342
0.3713
0.3616
0.3264
0.2971
0.2678
0.2463
0.2209
0.1798
0.1309
0.0821
0.0547
0.0137
-0.045
-0.0801
-0.0821
-0.0508
-0.0117
0.0137
0.0352
0.0547
0.086
0.1173
0.1427
0.1622
0.1779
0.1857
0.1896
0.2033
0.213
0.2248
0.2248
0.2326
0.2463
0.256
0.2424
0.2326
0.2267
0.2209
0.2072
0.17
0.1368
0.1212
0.1134
0.1231
0.1368
0.1466
0.1603
0.1681
0.1642
0.1349
0.1055
0.1016
0.1407
0.1857
0.2228
0.2306
0.2228
0.2169
0.2169
0.2052
0.1935
0.1661
0.1212
0.0762
0.0586
0.0625
0.0762
0.0958
0.1309
0.172
0.2209
0.2599
0.2775
0.2893
0.301
0.2873
0.2365
0.17
0.1329
0.127
0.1524
0.1739
0.1818
0.1739
0.1818
0.1994
0.2228
0.2482
0.2541
0.2482
0.256
0.2717
0.2893
0.2932
0.2814
0.2541
0.213
0.1739
0.1407
0.1231
0.1231
0.1466
0.17
0.1759
0.17
0.1583
0.1603
0.1564
0.1524
0.1466
0.1427
0.1505
0.1622
0.17
0.1896
0.215
0.2502
0.2893
0.3088
0.3029
0.2912
0.2619
0.2365
0.2189
0.1915
0.1524
0.1251
0.1094
0.1036
0.1036
0.1231
0.1505
0.1779
0.2052
0.2228
0.2267
0.2306
0.2326
0.2384
0.2521
0.2599
0.2658
0.2599
0.2424
0.213
0.1915
0.1876
0.1779
0.17
0.1564
0.1407
0.1407
0.1505
0.1564
0.1603
0.1681
0.1837
0.2228
0.256
0.2951
0.3186
0.3108
0.2951
0.2541
0.2111
0.1759
0.1564
0.1524
0.1544
0.1427
0.1153
0.0723
0.0215
-0.0293
-0.0704
-0.1094
-0.127
-0.1075
-0.045
0.0469
0.1329
0.2013
0.256
0.2893
0.2912
0.2678
0.2091
0.1173
0.0215
-0.0567
-0.1134
-0.1583
-0.1779
-0.1896
-0.1896
-0.17
-0.127
-0.0645
0.0117
0.0958
0.1974
0.2756
0.3264
0.342
0.3166
0.2795
0.2267
0.1915
0.1583
0.1055
0.0235
-0.0723
-0.1173
-0.0977
-0.041
0.0313
0.0997
0.1642
0.2033
0.2365
0.2619
0.2834
0.2893
0.2619
0.1915
0.0919
-0.0156
-0.1134
-0.2072
-0.2971
-0.3694
-0.4085
-0.385
-0.2893
-0.1642
-0.0254
0.1212
0.2697
0.3928
0.4476
0.4202
0.3205
0.1837
0.0508
-0.0684
-0.1407
-0.1446
-0.0938
-0.0352
0.002
0.0254
0.0586
0.1016
0.1114
0.1016
0.0821
0.0586
0.0489
0.0332
0.0117
-0.0547
-0.1388
-0.2287
-0.2756
-0.2404
-0.127
0.0098
0.129
0.2052
0.2345
0.2189
0.1485
0.0508
-0.0489
-0.129
-0.2013
-0.2678
-0.3147
-0.3127
-0.2463
-0.1407
-0.0195
0.0801
0.1329
0.127
0.0938
0.0332
-0.041
-0.1173
-0.1739
-0.2228
-0.2658
-0.2658
-0.1994
-0.1094
-0.0371
0.0352
0.1016
0.1564
0.1994
0.2287
0.1935
0.0919
-0.045
-0.1837
-0.2697
-0.3186
-0.3362
-0.3283
-0.3166
-0.2795
-0.2033
-0.1114
-0.0137
0.0723
0.1388
0.1739
0.17
0.1388
0.0919
0.0235
-0.0469
-0.1075
-0.1583
-0.213
-0.2599
-0.2912
-0.2932
-0.2854
-0.2463
-0.1603
-0.0586
0.0156
0.0645
0.0919
0.0958
0.0938
0.084
0.0567
0.0254
-0.0137
-0.0371
-0.0665
-0.1016
-0.086
-0.0117
0.0821
0.172
0.2267
0.256
0.2658
0.2619
0.2599
0.2697
0.2854
0.2678
0.2111
0.1055
-0.0156
-0.127
-0.2072
-0.2912
-0.3713
-0.4241
-0.4319
-0.387
-0.3068
-0.2345
-0.1485
-0.0352
0.0821
0.1642
0.213
0.2424
0.2697
0.2756
0.2639
0.2365
0.2052
0.1935
0.1994
0.215
0.213
0.1896
0.1446
0.086
0.0293
-0.0078
-0.0156
0.0059
0.045
0.0313
-0.0332
-0.0821
-0.084
-0.043
0.0156
0.0469
0.0176
-0.0215
0.0039
0.086
0.172
0.2209
0.2111
0.1485
0.0782
0.0313
0.0195
0.0254
0.0469
0.0371
0.0137
0.0039
0.0039
0.0137
0.0332
0.045
0.0528
0.0801
0.086
0.0391
0.0235
0.0821
0.1759
0.2599
0.3049
0.2912
0.2424
0.1915
0.1661
0.1505
0.1349
0.1251
0.0919
0.0469
0.0039
-0.0489
-0.1055
-0.1349
-0.1388
-0.1212
-0.1016
-0.1075
-0.1173
-0.0782
0
0.0821
0.1505
0.1837
0.1896
0.2033
0.2384
0.2736
0.2736
0.2404
0.1837
0.127
0.0801
0.0665
0.0879
0.1368
0.1818
0.2091
0.213
0.1935
0.1524
0.1075
0.0821
0.0743
0.0879
0.0958
0.086
0.0547
0.0313
0.0371
0.0586
0.0782
0.0782
0.0684
0.0567
0.0547
0.0645
0.0606
0.0645
0.0801
0.0899
0.0919
0.1036
0.127
0.1739
0.215
0.2345
0.2326
0.2209
0.2091
0.1935
0.1759
0.1583
0.1368
0.1251
0.1075
0.0938
0.0762
0.0684
0.0704
0.0704
0.0762
0.0762
0.086
0.0919
0.1036
0.0997
0.084
0.0743
0.0801
0.1075
0.1505
0.1857
0.2169
0.2384
0.2443
0.2482
0.2384
0.2111
0.1759
0.129
0.0743
0.0274
0.0117
0.0235
0.0547
0.1016
0.1427
0.1818
0.2267
0.2678
0.2951
0.3147
0.3108
0.2736
0.2521
0.2326
0.1994
0.1583
0.1231
0.1134
0.1251
0.1524
0.1739
0.1739
0.1583
0.1407
0.129
0.1329
0.1564
0.1954
0.2345
0.258
0.2658
0.256
0.2384
0.2091
0.1642
0.0977
0.0469
0.0137
0.002
0.0059
0.0254
0.0606
0.1114
0.1524
0.1837
0.2013
0.2052
0.213
0.2189
0.2267
0.2287
0.2169
0.1857
0.1505
0.1329
0.1173
0.1192
0.1251
0.1153
0.1016
0.0938
0.0938
0.129
0.1798
0.2267
0.2717
0.301
0.3166
0.3205
0.3166
0.2893
0.2463
0.1954
0.1505
0.1192
0.0919
0.0645
0.0313
-0.002
-0.0274
-0.0508
-0.0586
-0.0567
-0.0352
0.0098
0.0801
0.1466
0.2013
0.2384
0.2717
0.2854
0.2795
0.2482
0.2072
0.1564
0.1016
0.0254
-0.041
-0.0879
-0.1075
-0.1114
-0.1114
-0.0997
-0.0586
0
0.0684
0.1212
0.172
0.2072
0.2169
0.1818
0.1055
0.0313
-0.0235
-0.0762
-0.1153
-0.1564
-0.2013
-0.2404
-0.2502
-0.2365
-0.2111
-0.2072
-0.1837
-0.1192
-0.0235
0.0801
0.1544
0.1974
0.215
0.2111
0.1857
0.1642
0.1798
0.2209
0.2619
0.2971
0.3166
0.3029
0.256
0.1876
0.1192
0.0684
0.0469
0.0547
0.0704
0.0958
0.1368
0.1564
0.1153
0.045
-0.0195
-0.084
-0.1759
-0.2502
-0.2521
-0.1798
-0.0743
0.0371
0.1153
0.1407
0.1094
0.0625
0.0176
-0.0254
-0.0801
-0.1329
-0.213
-0.3068
-0.3968
-0.4476
-0.4437
-0.3928
-0.2482
-0.045
0.1446
0.2775
0.342
0.3323
0.2619
0.1622
0.0743
-0.0059
-0.0879
-0.1896
-0.2697
-0.3166
-0.3538
-0.3909
-0.4124
-0.4026
-0.3088
-0.1583
0.0156
0.1681
0.2873
0.3889
0.4867
0.5297
0.4749
0.3616
0.2404
0.1231
0.0332
-0.0508
-0.1329
-0.215
-0.2697
-0.2951
-0.3108
-0.3323
-0.3479
-0.3518
-0.299
-0.1681
0.0117
0.1603
0.2697
0.3166
0.2912
0.213
0.1251
0.0391
-0.0684
-0.2189
-0.3557
-0.43
-0.4456
-0.4046
-0.3225
-0.2365
-0.1779
-0.1192
-0.0391
0.0625
0.1544
0.215
0.2424
0.2365
0.2072
0.1818
0.1583
0.127
0.0684
-0.0235
-0.1094
-0.1798
-0.2248
-0.256
-0.2795
-0.2893
-0.2932
-0.3029
-0.301
-0.2834
-0.2482
-0.2013
-0.1485
-0.0977
-0.0313
0.0469
0.1153
0.1759
0.2169
0.2345
0.213
0.1583
0.0684
-0.0137
-0.0743
-0.1212
-0.1661
-0.213
-0.2541
-0.2814
-0.2912
-0.2932
-0.2912
-0.2697
-0.2267
-0.17
-0.1114
-0.0567
-0.0078
0.0508
0.1192
0.1779
0.2384
0.2971
0.3557
0.385
0.385
0.3342
0.2365
0.1231
-0.0059
-0.1407
-0.256
-0.3108
-0.3205
-0.3283
-0.3498
-0.3694
-0.3655
-0.3342
-0.2834
-0.2306
-0.1739
-0.1153
-0.0567
0.0117
0.0958
0.1407
0.1407
0.1407
0.1603
0.1857
0.1876
0.1622
0.0997
0.0313
-0.0215
-0.0567
-0.0684
-0.0606
-0.045
-0.0547
-0.1036
-0.1603
-0.1876
-0.172
-0.1329
-0.1055
-0.1094
-0.1016
-0.0567
0.0098
0.0762
0.129
0.1505
0.1603
0.1681
0.1876
0.1857
0.1427
0.084
0.0313
-0.0098
-0.0469
-0.0625
-0.0352
0
0.0489
0.127
0.2033
0.2482
0.2814
0.301
0.2873
0.2541
0.2052
0.1466
0.0997
0.0723
0.0547
0.0391
0.0274
0.0117
-0.002
-0.0293
-0.0567
-0.0704
-0.0547
-0.0313
0.0039
0.0586
0.129
0.1994
0.2365
0.2306
0.2052
0.1681
0.127
0.0919
0.0586
0.0215
-0.0078
-0.0235
-0.0274
-0.0274
-0.0332
-0.0469
-0.0528
-0.0332
-0.0078
-0.0156
-0.043
-0.0489
-0.0274
0.0176
0.0723
0.1309
0.1739
0.2052
0.2169
0.2111
0.2189
0.2306
0.2287
0.215
0.1857
0.1446
0.1094
0.0821
0.0684
0.0684
0.0704
0.0645
0.0391
-0.002
-0.0313
-0.045
-0.0332
-0.0039
0.043
0.0958
0.127
0.1485
0.1759
0.2052
0.215
0.2287
0.2384
0.2404
0.2365
0.2228
0.2033
0.1915
0.1876
0.1954
0.2013
0.2111
0.2209
0.2033
0.172
0.1505
0.1349
0.1231
0.1094
0.0997
0.1016
0.1114
0.1309
0.1622
0.2033
0.2424
0.2697
0.2854
0.2932
0.2814
0.256
0.2287
0.2091
0.1994
0.1915
0.1779
0.17
0.172
0.1779
0.1915
0.2169
0.256
0.2678
0.2658
0.2678
0.2795
0.258
0.2209
0.1974
0.2091
0.2404
0.2639
0.2599
0.2443
0.2404
0.2502
0.2482
0.2384
0.2091
0.1876
0.1661
0.1603
0.1759
0.1994
0.215
0.2228
0.2463
0.2717
0.2932
0.301
0.2971
0.2795
0.2384
0.1935
0.1564
0.1349
0.127
0.129
0.1603
0.2111
0.2717
0.3049
0.3205
0.3049
0.2697
0.2345
0.2228
0.1974
0.1974
0.2052
0.1759
0.1446
0.1153
0.1075
0.1016
0.1016
0.1016
0.1192
0.1505
0.1798
0.2091
0.2306
0.2365
0.2287
0.2052
0.1759
0.1427
0.1036
0.0684
0.0313
0.0137
0.0137
0.0215
0.0313
0.0489
0.0919
0.1485
0.1974
0.2365
0.2541
0.2619
0.2678
0.2697
0.2814
0.3049
0.3225
0.3244
0.301
0.2521
0.1837
0.1212
0.0684
0.0391
0.0293
0.0293
0.0332
0.045
0.0567
0.0645
0.0723
0.0782
0.0782
0.0821
0.0821
0.0762
0.0567
0.0293
-0.002
-0.0371
-0.0762
-0.1036
-0.1114
-0.0977
-0.0586
-0.0117
0.0332
0.0762
0.1075
0.1446
0.1876
0.2228
0.2443
0.2756
0.2951
0.3049
0.2912
0.2599
0.2072
0.1466
0.1016
0.0665
0.043
0.0469
0.0977
0.1583
0.213
0.2443
0.2111
0.1173
0.0274
-0.0098
-0.0352
-0.0977
-0.1485
-0.1603
-0.2013
-0.2717
-0.2912
-0.2072
-0.0684
0.0743
0.1681
0.2345
0.2678
0.2697
0.2639
0.2384
0.1954
0.1505
0.086
-0.002
-0.1036
-0.215
-0.3147
-0.3792
-0.3772
-0.3108
-0.1876
-0.0137
0.1603
0.2873
0.3577
0.3381
0.2287
0.0997
-0.002
-0.0606
-0.0997
-0.1075
-0.1309
-0.1583
-0.1544
-0.1055
-0.0235
0.0723
0.1622
0.2267
0.2541
0.2287
0.1603
0.1075
0.1134
0.1505
0.1583
0.1114
0.043
0.002
-0.0137
-0.0586
-0.1075
-0.1544
-0.1798
-0.1818
-0.1544
-0.1173
-0.1016
-0.129
-0.1876
-0.2345
-0.2404
-0.2052
-0.1388
-0.0547
0.0489
0.1505
0.2404
0.3049
0.3577
0.3713
0.3147
0.2013
0.0332
-0.1251
-0.2599
-0.3557
-0.4202
-0.4515
-0.4632
-0.4652
-0.4437
-0.3577
-0.2287
-0.0567
0.1134
0.2482
0.3166
0.3283
0.2971
0.2345
0.1505
0.0665
-0.0215
-0.1212
-0.2228
-0.3166
-0.4143
-0.4925
-0.5179
-0.4867
-0.4065
-0.3029
-0.1994
-0.1075
-0.045
0.0059
0.0352
0.045
0.0528
0.0586
0.0625
0.0391
-0.0117
-0.0625
-0.086
-0.086
-0.0625
-0.0176
0.045
0.1309
0.2169
0.2834
0.3225
0.3323
0.3166
0.2893
0.2482
0.2033
0.1446
0.0606
-0.041
-0.1251
-0.1798
-0.2111
-0.2443
-0.2502
-0.213
-0.1388
-0.0606
0.0137
0.084
0.1446
0.1837
0.1935
0.2033
0.1994
0.1935
0.1915
0.1739
0.1309
0.0938
0.0606
0.045
0.0332
0.041
0.043
0.0098
-0.0274
-0.0332
-0.002
0.0801
0.1798
0.2443
0.2502
0.215
0.1915
0.1779
0.1779
0.1915
0.1798
0.1446
0.129
0.1446
0.1798
0.2091
0.2169
0.1994
0.1524
0.1094
0.0782
0.0625
0.0528
0.0469
0.0371
0.0254
-0.0156
-0.0723
-0.1094
-0.1016
-0.0743
-0.0469
-0.0254
-0.0117
0.0117
0.0528
0.0958
0.1407
0.1954
0.2384
0.2678
0.2717
0.2424
0.2267
0.2424
0.2639
0.2717
0.2678
0.2599
0.2502
0.2541
0.2639
0.2502
0.2404
0.2384
0.2287
0.2111
0.1954
0.1818
0.1779
0.1798
0.1915
0.2013
0.1974
0.1739
0.1505
0.1349
0.1114
0.0879
0.0879
0.1094
0.129
0.1329
0.1134
0.0919
0.0782
0.086
0.1055
0.1231
0.1368
0.1388
0.127
0.1153
0.1173
0.1173
0.129
0.1485
0.1681
0.1759
0.1603
0.1427
0.129
0.1231
0.1153
0.1055
0.0801
0.0567
0.0489
0.0469
0.045
0.0665
0.1055
0.1466
0.1779
0.1994
0.2209
0.2345
0.2365
0.2482
0.256
0.258
0.2541
0.2384
0.2267
0.2248
0.2248
0.2228
0.2169
0.2033
0.1935
0.1935
0.1798
0.1603
0.1505
0.1505
0.1603
0.1798
0.1876
0.1779
0.1739
0.1896
0.2248
0.2541
0.2795
0.2912
0.2854
0.2736
0.2697
0.2717
0.2854
0.2932
0.2912
0.2854
0.2854
0.2873
0.299
0.3166
0.3244
0.3166
0.3088
0.3127
0.3186
0.3225
0.3108
0.301
0.2971
0.3029
0.3127
0.3147
0.3147
0.2854
0.2209
0.1544
0.1016
0.0801
0.0743
0.0762
0.0899
0.1231
0.172
0.2072
0.2209
0.2189
0.2189
0.2248
0.2443
0.258
0.2658
0.2697
0.2717
0.2639
0.2443
0.2248
0.213
0.2052
0.2169
0.2443
0.2639
0.2834
0.2912
0.2834
0.2717
0.2736
0.2658
0.2619
0.2697
0.2854
0.2873
0.2736
0.2521
0.2287
0.2209
0.215
0.2111
0.2091
0.2013
0.1857
0.1544
0.1075
0.0625
0.0371
0.0274
0.043
0.0684
0.1016
0.1388
0.1739
0.2033
0.2209
0.2326
0.2424
0.2502
0.256
0.2717
0.2951
0.3283
0.3498
0.3616
0.3518
0.3362
0.3108
0.2873
0.2619
0.2443
0.2404
0.2384
0.2228
0.1876
0.1466
0.0997
0.0313
-0.0293
-0.0645
-0.0743
-0.0567
-0.0235
0.0235
0.0684
0.1055
0.1427
0.1583
0.1642
0.1622
0.1505
0.1368
0.129
0.1329
0.1524
0.17
0.1896
0.2228
0.2619
0.3029
0.3381
0.3479
0.3381
0.3166
0.299
0.2756
0.2365
0.1954
0.1661
0.1309
0.086
0.0313
-0.0156
-0.0645
-0.1114
-0.127
-0.0997
-0.0352
0.0352
0.0958
0.1446
0.1622
0.1661
0.1622
0.1583
0.1485
0.127
0.1192
0.0977
0.0235
-0.1231
-0.2541
-0.2932
-0.2521
-0.1466
0.0059
0.1779
0.3459
0.4847
0.5805
0.6176
0.6
0.5297
0.4319
0.3244
0.2091
0.0958
-0.0313
-0.1642
-0.299
-0.3889
-0.4378
-0.4867
-0.4964
-0.428
-0.2326
0.0625
0.3577
0.5942
0.7388
0.7564
0.6313
0.4124
0.2169
0.0821
-0.0371
-0.1485
-0.2345
-0.2795
-0.2951
-0.2834
-0.2404
-0.1681
-0.1036
-0.0332
0.0801
0.2345
0.385
0.4378
0.344
0.17
0.0117
-0.1094
-0.2189
-0.2912
-0.342
-0.3713
-0.3479
-0.2639
-0.1388
-0.0098
0.086
0.1407
0.1896
0.2404
0.2814
0.299
0.2717
0.2052
0.1114
0.002
-0.0958
-0.172
-0.2365
-0.2736
-0.2463
-0.1407
-0.0137
0.0899
0.1505
0.1739
0.1661
0.1349
0.0977
0.0567
-0.0078
-0.0919
-0.1759
-0.2482
-0.2971
-0.3166
-0.3127
-0.3029
-0.301
-0.2736
-0.1876
-0.0665
0.0508
0.1524
0.2209
0.2619
0.2775
0.2639
0.2287
0.1818
0.1212
0.0469
-0.0528
-0.1564
-0.2404
-0.2951
-0.3283
-0.3596
-0.3616
-0.3186
-0.2189
-0.0977
0.0195
0.1094
0.1857
0.2619
0.3186
0.3518
0.3518
0.3166
0.2482
0.1681
0.0684
-0.0332
-0.1329
-0.2365
-0.3225
-0.3694
-0.4183
-0.4652
-0.3968
-0.2013
0.0352
0.2463
0.3928
0.471
0.4925
0.4867
0.4827
0.4691
0.4573
0.4339
0.385
0.2814
0.1446
0.0293
-0.0782
-0.1935
-0.2893
-0.3518
-0.3694
-0.3362
-0.2502
-0.1134
0.0547
0.2248
0.3303
0.3831
0.4241
0.4534
0.4652
0.4417
0.387
0.3166
0.2443
0.1857
0.1407
0.086
0.0254
-0.0215
-0.041
-0.0684
-0.0821
-0.0391
0.043
0.1173
0.172
0.1954
0.1876
0.1759
0.1603
0.1427
0.1212
0.1134
0.0899
0.0567
0.045
0.0567
0.0606
0.0528
0.0489
0.0371
0.0254
0.0059
-0.0059
-0.0254
-0.0254
0.0059
0.0176
0.0176
0.0547
0.1407
0.2384
0.3166
0.3459
0.3244
0.2775
0.215
0.1779
0.1505
0.1349
0.1329
0.129
0.1192
0.1114
0.1134
0.1212
0.1309
0.1388
0.1349
0.1192
0.0919
0.0782
0.0899
0.1349
0.1818
0.2248
0.2502
0.2482
0.2404
0.2424
0.2482
0.2463
0.2267
0.1876
0.1427
0.1036
0.0782
0.0704
0.0704
0.0821
0.0919
0.0958
0.1036
0.1212
0.1349
0.1407
0.1388
0.1524
0.172
0.1974
0.2326
0.258
0.2639
0.2639
0.2541
0.2404
0.2443
0.2502
0.2697
0.2717
0.2697
0.2502
0.2052
0.1485
0.127
0.1505
0.1896
0.2189
0.2248
0.2306
0.2248
0.2013
0.1681
0.127
0.0997
0.0938
0.1036
0.1192
0.1446
0.1818
0.2111
0.2345
0.2463
0.2658
0.2717
0.2756
0.2775
0.2756
0.2502
0.2267
0.2091
0.2013
0.1994
0.1954
0.1935
0.1896
0.1759
0.1779
0.1818
0.2072
0.2365
0.2639
0.2717
0.2599
0.2404
0.213
0.1896
0.1642
0.1388
0.1075
0.0782
0.0489
0.0293
0.0469
0.0938
0.1388
0.1798
0.2209
0.2599
0.2873
0.2932
0.2873
0.2873
0.2912
0.299
0.299
0.2873
0.2599
0.2248
0.1759
0.1368
0.1114
0.0977
0.0958
0.1036
0.1192
0.1427
0.1739
0.2052
0.2306
0.2384
0.2306
0.2111
0.1857
0.1583
0.1407
0.1251
0.1114
0.0958
0.0782
0.0586
0.0352
0.0156
0.0117
0.0235
0.0547
0.0919
0.1251
0.17
0.2209
0.2736
0.2951
0.2736
0.2306
0.1739
0.1114
0.0625
0.0274
0.0039
-0.0137
-0.0313
-0.045
-0.0528
-0.0508
-0.0274
0.0039
0.043
0.086
0.1192
0.1446
0.1524
0.1485
0.1485
0.1524
0.1505
0.127
0.084
0.045
0.0195
0.0059
-0.002
0.002
0.0039
0.0117
0.0254
0.0352
0.0391
0.0332
0.0547
0.0958
0.1466
0.1994
0.2482
0.2775
0.2756
0.2384
0.1876
0.1544
0.1407
0.1192
0.0899
0.0547
0.0156
-0.0469
-0.1173
-0.1915
-0.2639
-0.3264
-0.3596
-0.342
-0.2599
-0.127
0.0098
0.1349
0.2287
0.2795
0.2775
0.2209
0.1192
0.0117
-0.0801
-0.1622
-0.2736
-0.3792
-0.4476
-0.471
-0.4554
-0.3557
-0.1798
0.0137
0.1974
0.3792
0.5668
0.7192
0.8091
0.8267
0.7349
0.5179
0.2482
-0.0098
-0.2072
-0.344
-0.4358
-0.4984
-0.4984
-0.4222
-0.3127
-0.1622
0
0.1388
0.2424
0.3342
0.4124
0.4554
0.4202
0.2951
0.1192
-0.0743
-0.256
-0.385
-0.471
-0.5375
-0.602
-0.6313
-0.5942
-0.4593
-0.2326
0
0.2248
0.4339
0.6039
0.7212
0.7466
0.6293
0.385
0.1016
-0.1798
-0.4163
-0.602
-0.7271
-0.8228
-0.8815
-0.9147
-0.8326
-0.6567
-0.4515
-0.2463
-0.0625
0.0997
0.2502
0.3772
0.4671
0.516
0.5062
0.4124
0.2424
0.0313
-0.1661
-0.3186
-0.4222
-0.4867
-0.5042
-0.4788
-0.4124
-0.3244
-0.2287
-0.1466
-0.0762
-0.0215
0.0235
0.0508
0.0684
0.0879
0.1212
0.1485
0.1407
0.1231
0.0997
0.0567
0.0059
-0.0391
-0.0801
-0.1212
-0.1485
-0.1779
-0.213
-0.2502
-0.2854
-0.3205
-0.3498
-0.3635
-0.3616
-0.3635
-0.3596
-0.3283
-0.2932
-0.2384
-0.17
-0.0919
-0.0274
0.0528
0.1524
0.2717
0.385
0.4691
0.5199
0.5199
0.4691
0.3792
0.2893
0.2189
0.1505
0.0782
-0.0176
-0.129
-0.2384
-0.3186
-0.3459
-0.3205
-0.2814
-0.2306
-0.1544
-0.0567
0.0156
0.0645
0.1251
0.2033
0.2717
0.3127
0.3225
0.2971
0.2482
0.1915
0.129
0.0762
0.0313
0.0195
0.0235
0.0235
0.0059
0
0.0117
0.0469
0.0899
0.1544
0.2111
0.2678
0.3049
0.301
0.2619
0.2013
0.1212
0.0371
-0.0274
-0.0879
-0.1231
-0.127
-0.0977
-0.0508
0.0254
0.0958
0.1642
0.2326
0.2756
0.2873
0.2814
0.2443
0.1994
0.1524
0.1036
0.0723
0.0625
0.0254
-0.0371
-0.0801
-0.086
-0.0625
-0.0215
0.0059
0.0215
0.041
0.0782
0.1251
0.1583
0.1915
0.2384
0.2795
0.2912
0.3068
0.3264
0.3459
0.3498
0.3186
0.2599
0.2013
0.1524
0.1114
0.0919
0.086
0.0762
0.0801
0.0958
0.1134
0.127
0.1427
0.1446
0.1485
0.1368
0.1192
0.1094
0.1094
0.1094
0.1173
0.1192
0.1075
0.0899
0.0586
0.0352
0.0371
0.0489
0.0528
0.0723
0.1075
0.1505
0.1622
0.1564
0.1329
0.1075
0.0977
0.1016
0.1192
0.1407
0.1603
0.1837
0.213
0.2404
0.258
0.2404
0.1896
0.1192
0.0586
0.0156
-0.0039
0
0.0293
0.0762
0.1309
0.1935
0.2424
0.2736
0.2893
0.2854
0.2619
0.2326
0.213
0.2072
0.2013
0.1837
0.1583
0.1329
0.0997
0.0879
0.0938
0.1016
0.1212
0.1427
0.1622
0.1544
0.1505
0.1427
0.1388
0.1407
0.1466
0.1564
0.1622
0.1681
0.172
0.1857
0.1974
0.2072
0.213
0.2189
0.2287
0.2404
0.2502
0.258
0.2756
0.2893
0.3049
0.2971
0.3049
0.3323
0.3362
0.3186
0.2795
0.2287
0.1779
0.1251
0.0782
0.0274
-0.0039
-0.0235
-0.0391
-0.0528
-0.0665
-0.0723
-0.0821
-0.0743
-0.0547
-0.0156
0.0313
0.0723
0.1153
0.1544
0.1837
0.1935
0.1915
0.1798
0.1583
0.1505
0.1505
0.1544
0.1583
0.1642
0.1681
0.1642
0.1681
0.1857
0.2013
0.215
0.213
0.1994
0.172
0.1446
0.1212
0.0977
0.0821
0.0723
0.0606
0.0313
0.0176
0.0254
0.0528
0.0899
0.1231
0.1485
0.1622
0.1642
0.1622
0.1564
0.1524
0.1564
0.1661
0.1661
0.1642
0.1564
0.1466
0.1368
0.127
0.1036
0.0743
0.043
0.0117
0.0039
0.002
0.0078
0.0215
0.0586
0.0958
0.1349
0.1622
0.1681
0.1642
0.1622
0.1681
0.1896
0.2228
0.2521
0.2697
0.2599
0.2287
0.172
0.1055
0.043
-0.0059
-0.0567
-0.1134
-0.1446
-0.1505
-0.1407
-0.1309
-0.1134
-0.084
-0.0352
0.0274
0.1016
0.1876
0.2599
0.3088
0.342
0.3616
0.3538
0.3205
0.2697
0.2091
0.1212
0.0039
-0.1192
-0.2326
-0.3166
-0.385
-0.4046
-0.3968
-0.342
-0.2326
-0.0547
0.1798
0.4183
0.6254
0.7192
0.6841
0.5648
0.4222
0.2775
0.1349
-0.0195
-0.1798
-0.3362
-0.4749
-0.5824
-0.6098
-0.5433
-0.3674
-0.129
0.0997
0.2814
0.4085
0.4906
0.4847
0.3733
0.2033
0.0313
-0.1094
-0.215
-0.2912
-0.3518
-0.387
-0.3968
-0.3655
-0.2951
-0.1935
-0.0821
0.0293
0.1446
0.2424
0.3205
0.3596
0.3401
0.2658
0.1329
-0.0156
-0.1446
-0.2424
-0.301
-0.344
-0.3557
-0.342
-0.3108
-0.2599
-0.1915
-0.1309
-0.0899
-0.0508
-0.002
0.0567
0.1036
0.1388
0.1564
0.1388
0.0977
0.0332
-0.0235
-0.0743
-0.0919
-0.0762
-0.0352
0.0098
0.0528
0.0879
0.1192
0.1329
0.1407
0.1329
0.1114
0.0684
0
-0.086
-0.1818
-0.2658
-0.342
-0.4007
-0.4417
-0.4437
-0.4065
-0.3323
-0.2345
-0.1368
-0.0567
0.0059
0.0567
0.1016
0.1329
0.1603
0.1915
0.2424
0.2912
0.3068
0.2932
0.256
0.1994
0.1368
0.0645
0.002
-0.0313
-0.0332
-0.0137
-0.0039
0.0059
0.0098
0
-0.0156
-0.002
0.0176
0.0293
0.0567
0.1016
0.1505
0.1876
0.2111
0.2287
0.2463
0.2599
0.2521
0.2091
0.1642
0.1153
0.0684
0.0274
-0.0117
-0.045
-0.0665
-0.0723
-0.0625
-0.0391
-0.0059
0.0371
0.0704
0.0997
0.1309
0.1544
0.1661
0.1681
0.1954
0.2365
0.2639
0.256
0.2052
0.1349
0.0743
0.0332
0.0117
-0.0078
-0.0391
-0.0371
-0.002
0.0625
0.1466
0.2072
0.2482
0.2697
0.2912
0.3147
0.344
0.3733
0.385
0.3909
0.385
0.3674
0.3362
0.3068
0.2697
0.2424
0.2052
0.1622
0.1036
0.0528
0.0332
0.0352
0.0547
0.0625
0.045
0.0078
-0.0274
-0.041
-0.0293
-0.0078
0.0078
0.0254
0.0489
0.0762
0.0723
0.0645
0.0762
0.1036
0.1388
0.1642
0.1642
0.1466
0.1388
0.1388
0.1642
0.2013
0.2326
0.2482
0.258
0.258
0.2521
0.2404
0.2326
0.2287
0.2189
0.2091
0.1876
0.1505
0.1192
0.1036
0.1075
0.1251
0.1446
0.1661
0.1779
0.1798
0.1798
0.1642
0.1329
0.1036
0.084
0.086
0.1134
0.1427
0.1466
0.1388
0.1309
0.1231
0.1251
0.1329
0.1388
0.1388
0.1329
0.1368
0.1524
0.1681
0.1739
0.1739
0.1818
0.1954
0.215
0.2248
0.213
0.2013
0.1915
0.1798
0.172
0.17
0.1661
0.1681
0.1681
0.1798
0.2013
0.2111
0.2189
0.2228
0.2326
0.2424
0.2502
0.2599
0.2599
0.2619
0.2482
0.2169
0.1818
0.1583
0.1583
0.17
0.1896
0.1954
0.1974
0.1994
0.213
0.2228
0.2209
0.2091
0.2091
0.2248
0.2463
0.258
0.256
0.2404
0.2365
0.258
0.2814
0.301
0.301
0.2736
0.2365
0.1954
0.1603
0.129
0.1075
0.0938
0.1036
0.1212
0.1407
0.1583
0.172
0.1739
0.1779
0.1876
0.1974
0.2033
0.2013
0.2013
0.2072
0.2189
0.2287
0.2384
0.2345
0.2287
0.2228
0.2248
0.2287
0.2424
0.2639
0.256
0.2717
0.2697
0.2482
0.2248
0.2072
0.1935
0.1779
0.1544
0.129
0.1075
0.0899
0.0801
0.0665
0.0528
0.0489
0.0489
0.0625
0.086
0.1309
0.1915
0.2424
0.2678
0.2658
0.2502
0.2228
0.1935
0.172
0.1485
0.1094
0.0645
0.0137
-0.0352
-0.0489
-0.0371
-0.0195
-0.0098
0.002
0.0156
0.0235
0.0391
0.0586
0.0821
0.0899
0.0899
0.0879
0.1016
0.1173
0.127
0.1231
0.1134
0.0899
0.0704
0.045
0.0254
0.0195
0.0215
0.0293
0.0586
0.0919
0.1368
0.172
0.1954
0.1896
0.1583
0.1251
0.0997
0.0723
0.0586
0.0879
0.1329
0.1544
0.1642
0.1681
0.1524
0.1153
0.0782
0.0371
0
-0.0059
0.0215
0.0528
0.0977
0.1466
0.1954
0.2384
0.2854
0.3264
0.3596
0.3596
0.3264
0.2736
0.213
0.1603
0.1173
0.0625
-0.0195
-0.127
-0.2502
-0.3792
-0.5082
-0.6157
-0.6606
-0.6039
-0.4554
-0.2424
-0.0078
0.2248
0.43
0.602
0.6938
0.6997
0.643
0.559
0.4495
0.3049
0.1388
-0.0254
-0.1642
-0.2854
-0.3772
-0.43
-0.4163
-0.3323
-0.2052
-0.0508
0.129
0.3323
0.5257
0.6567
0.6938
0.6274
0.473
0.2854
0.1153
-0.0235
-0.1407
-0.2482
-0.3538
-0.4495
-0.5394
-0.5727
-0.5277
-0.3968
-0.2326
-0.0567
0.1564
0.3772
0.5492
0.6196
0.5785
0.4183
0.1954
-0.0215
-0.2013
-0.3264
-0.4104
-0.4437
-0.4437
-0.4065
-0.3459
-0.2463
-0.1134
0.0254
0.1661
0.3029
0.4104
0.4749
0.473
0.385
0.2384
0.0665
-0.086
-0.2052
-0.299
-0.3733
-0.4163
-0.4261
-0.3968
-0.344
-0.2599
-0.1505
-0.0371
0.0625
0.1446
0.1876
0.1994
0.1837
0.1388
0.0508
-0.0508
-0.1407
-0.213
-0.258
-0.2814
-0.2834
-0.2756
-0.2482
-0.2013
-0.1446
-0.0782
-0.0059
0.0489
0.084
0.1016
0.1055
0.0899
0.0528
-0.0039
-0.0704
-0.1388
-0.1935
-0.2306
-0.2619
-0.2893
-0.3166
-0.3205
-0.3029
-0.2678
-0.2306
-0.1681
-0.0801
0.0156
0.1036
0.1798
0.2443
0.2951
0.3244
0.3323
0.3127
0.2482
0.1603
0.0645
-0.0371
-0.129
-0.2033
-0.2658
-0.3166
-0.3362
-0.3147
-0.2678
-0.215
-0.1642
-0.1212
-0.0899
-0.0489
0
0.043
0.086
0.1231
0.1505
0.1583
0.1407
0.0938
0.043
-0.0078
-0.045
-0.0723
-0.0723
-0.0586
-0.0215
0.0176
0.0567
0.0899
0.1134
0.129
0.1192
0.0879
0.0586
0.0371
0.0195
0.0078
-0.002
-0.0293
-0.0684
-0.1016
-0.1075
-0.0977
-0.0743
-0.0391
-0.0039
0.0195
0.0274
0.0176
-0.0176
-0.0528
-0.0704
-0.0958
-0.1192
-0.1349
-0.1134
-0.0684
-0.0156
0.0293
0.0782
0.1309
0.1935
0.2717
0.3459
0.4026
0.4495
0.4886
0.5082
0.5023
0.4612
0.387
0.2971
0.2033
0.1212
0.0469
-0.0117
-0.0547
-0.0782
-0.0977
-0.1192
-0.127
-0.1114
-0.0919
-0.0704
-0.0547
-0.0508
-0.0508
-0.0586
-0.0665
-0.0567
-0.043
-0.0254
-0.0039
0.0254
0.0489
0.0625
0.0704
0.0743
0.0723
0.0645
0.0762
0.0938
0.1016
0.1055
0.1153
0.1466
0.1818
0.2091
0.2111
0.2072
0.213
0.2209
0.2267
0.2463
0.2717
0.2834
0.2795
0.2697
0.256
0.2424
0.2267
0.2189
0.2072
0.1837
0.1564
0.129
0.1212
0.1407
0.1603
0.1661
0.1661
0.17
0.1779
0.1857
0.1994
0.1974
0.1759
0.1466
0.1231
0.1134
0.1153
0.1251
0.1349
0.1349
0.127
0.0977
0.0762
0.0625
0.0743
0.0899
0.1016
0.1094
0.1094
0.1231
0.1368
0.1505
0.1642
0.1798
0.1974
0.2052
0.2248
0.2541
0.2736
0.2854
0.2873
0.2775
0.2619
0.2404
0.2287
0.2267
0.2326
0.2443
0.2756
0.3029
0.3108
0.3127
0.3225
0.3264
0.3244
0.3166
0.2893
0.258
0.2306
0.2072
0.1739
0.1505
0.1309
0.1173
0.1016
0.086
0.0762
0.0665
0.0704
0.0919
0.1153
0.1388
0.1681
0.2013
0.2267
0.2502
0.2697
0.2736
0.2697
0.2599
0.2482
0.2365
0.2209
0.215
0.2345
0.2599
0.2658
0.2639
0.2639
0.2717
0.2834
0.2814
0.2756
0.2619
0.2482
0.2306
0.2209
0.2228
0.2189
0.215
0.2052
0.1935
0.1818
0.1857
0.2033
0.2287
0.256
0.2736
0.2756
0.2658
0.2599
0.2541
0.2443
0.2384
0.2404
0.2482
0.2697
0.2912
0.3088
0.3186
0.3264
0.344
0.3577
0.3713
0.3772
0.3753
0.3733
0.3674
0.3596
0.3498
0.3264
0.2951
0.2619
0.213
0.1642
0.1231
0.1075
0.1251
0.1661
0.2169
0.2678
0.3186
0.3596
0.3811
0.3987
0.4026
0.3909
0.3753
0.344
0.3088
0.2814
0.2756
0.2854
0.3186
0.3538
0.3831
0.3948
0.3968
0.3987
0.387
0.3733
0.3557
0.3401
0.3342
0.3283
0.3205
0.3205
0.3205
0.3264
0.3323
0.3342
0.3225
0.2775
0.1876
0.127
0.0528
-0.0195
-0.0704
-0.1173
-0.1388
-0.1309
-0.1036
-0.0528
0.0313
0.1212
0.2111
0.2854
0.344
0.385
0.4085
0.428
0.4241
0.3987
0.3831
0.3616
0.3342
0.3068
0.2736
0.2424
0.2052
0.172
0.1505
0.1485
0.1681
0.2072
0.2639
0.3147
0.3577
0.3713
0.3596
0.3244
0.2717
0.2287
0.1857
0.1485
0.1329
0.1309
0.1407
0.1446
0.1524
0.1583
0.1681
0.1876
0.2111
0.2404
0.2697
0.2951
0.3147
0.3029
0.2756
0.2345
0.1857
0.1505
0.1309
0.129
0.1349
0.1427
0.1466
0.1427
0.1407
0.1407
0.1524
0.1524
0.1466
0.1505
0.1739
0.2091
0.2248
0.2209
0.2091
0.2013
0.1896
0.1661
0.1446
0.1446
0.1798
0.2267
0.2619
0.2775
0.2834
0.2834
0.2736
0.2541
0.2248
0.1876
0.1231
0.041
-0.0528
-0.1388
-0.1994
-0.2287
-0.213
-0.1466
-0.0371
0.1094
0.2697
0.4183
0.5218
0.5648
0.5121
0.3987
0.258
0.1173
0
-0.0879
-0.1427
-0.1779
-0.2072
-0.1798
-0.1055
0.0098
0.1349
0.2345
0.301
0.3283
0.3205
0.2756
0.1837
0.084
0.002
-0.0508
-0.0958
-0.1388
-0.1759
-0.1974
-0.17
-0.0801
0.0821
0.2619
0.4261
0.5394
0.5785
0.514
0.3596
0.1661
-0.0215
-0.1583
-0.2599
-0.3244
-0.3381
-0.3147
-0.2873
-0.2306
-0.1505
-0.0586
0.0293
0.1114
0.172
0.213
0.2248
0.2013
0.1309
0.0391
-0.0469
-0.0899
-0.0997
-0.0997
-0.1251
-0.1388
-0.1349
-0.1036
-0.0313
0.0723
0.1915
0.2971
0.3635
0.3753
0.344
0.2639
0.1544
0.0274
-0.0958
-0.1974
-0.256
-0.2951
-0.3068
-0.301
-0.2639
-0.2091
-0.1427
-0.0645
0.0313
0.129
0.2169
0.2775
0.3127
0.3342
0.3244
0.2951
0.2502
0.1974
0.1466
0.086
0.0156
-0.0567
-0.129
-0.1896
-0.2306
-0.256
-0.2717
-0.2599
-0.2384
-0.2189
-0.1994
-0.1681
-0.1309
-0.0977
-0.0528
-0.002
0.0567
0.1212
0.1935
0.256
0.301
0.3166
0.3244
0.3381
0.3342
0.3303
0.3108
0.299
0.2814
0.2502
0.2052
0.1544
0.1212
0.1036
0.0801
0.0528
0.0293
0.0176
0.0195
0.0176
0.0195
0.045
0.0899
0.1642
0.2248
0.2541
0.2619
0.2639
0.258
0.2541
0.2482
0.2424
0.2326
0.2209
0.2072
0.1896
0.1681
0.1427
0.1192
0.1055
0.0801
0.0606
0.0625
0.0821
0.129
0.2033
0.258
0.2756
0.2854
0.3068
0.3401
0.3616
0.3616
0.3362
0.2912
0.2424
0.1896
0.1524
0.1349
0.1349
0.1466
0.1622
0.1798
0.2052
0.215
0.2189
0.213
0.2052
0.1994
0.2052
0.2209
0.2287
0.2326
0.2111
0.1876
0.17
0.1564
0.1446
0.1407
0.1466
0.1544
0.1661
0.1876
0.2052
0.2111
0.2033
0.1857
0.1524
0.1212
0.0997
0.0938
0.1153
0.1427
0.1681
0.1896
0.2091
0.2267
0.2404
0.2658
0.2951
0.3303
0.3713
0.3968
0.4183
0.4183
0.4026
0.3811
0.3616
0.3244
0.2756
0.2326
0.1954
0.1681
0.1603
0.1681
0.1681
0.1622
0.1564
0.1583
0.1818
0.2072
0.2287
0.2463
0.2463
0.2248
0.1896
0.172
0.1759
0.2033
0.2463
0.2873
0.3088
0.3127
0.2971
0.2599
0.2209
0.1935
0.1759
0.1798
0.1896
0.213
0.2209
0.215
0.2052
0.2033
0.2091
0.2111
0.2111
0.2111
0.2111
0.2228
0.2345
0.2541
0.2658
0.2599
0.2424
0.2209
0.2033
0.1954
0.1798
0.1681
0.1642
0.1739
0.1896
0.1935
0.2013
0.2267
0.2717
0.3205
0.3694
0.4065
0.4476
0.4749
0.4886
0.4886
0.4906
0.4906
0.4808
0.4632
0.4417
0.4183
0.3948
0.3753
0.3557
0.3303
0.3127
0.3108
0.3147
0.3303
0.3381
0.3401
0.3498
0.3635
0.3694
0.3792
0.3792
0.3655
0.3381
0.3068
0.2775
0.2619
0.2521
0.258
0.2775
0.299
0.3127
0.3205
0.3108
0.299
0.2932
0.2932
0.2814
0.2717
0.2678
0.2854
0.2854
0.2756
0.256
0.2267
0.2013
0.1857
0.1661
0.1505
0.1368
0.1388
0.1583
0.1915
0.2189
0.2482
0.2756
0.3108
0.342
0.3557
0.3557
0.3401
0.3225
0.3029
0.2893
0.2873
0.2912
0.3049
0.3108
0.3108
0.3088
0.3068
0.3068
0.3068
0.2854
0.2541
0.2424
0.2326
0.2248
0.2267
0.2365
0.2384
0.2306
0.215
0.2072
0.2072
0.2209
0.2326
0.2424
0.2463
0.2424
0.2482
0.2482
0.2541
0.2599
0.2756
0.2951
0.3225
0.344
0.3557
0.3518
0.3362
0.3147
0.2854
0.2502
0.2052
0.1622
0.1485
0.1524
0.1642
0.1818
0.1915
0.2091
0.2404
0.2502
0.2404
0.2091
0.1818
0.1779
0.1857
0.2033
0.2287
0.256
0.2756
0.2834
0.2834
0.2795
0.2599
0.2287
0.2072
0.1896
0.1661
0.1388
0.1153
0.0919
0.0704
0.0528
0.0293
0.0156
0.0176
0.0254
0.041
0.0723
0.1349
0.2189
0.3283
0.4261
0.4964
0.5179
0.5042
0.4691
0.4261
0.4046
0.3889
0.3733
0.3401
0.2912
0.2404
0.1974
0.1407
0.0821
0.0332
0
-0.0235
-0.0371
-0.045
-0.0528
-0.0547
-0.0489
-0.0469
-0.0469
-0.043
-0.045
-0.0547
-0.0801
-0.0977
-0.0919
-0.0274
0.0723
0.2091
0.3538
0.4847
0.5746
0.6215
0.6176
0.559
0.4769
0.3909
0.3323
0.3088
0.3264
0.3401
0.3166
0.2521
0.1798
0.1114
0.0762
0.0606
0.0606
0.0586
0.0606
0.0606
0.0567
0.0371
0.0059
-0.0313
-0.043
-0.0098
0.0489
0.1075
0.1661
0.2267
0.2814
0.3264
0.3655
0.3811
0.3694
0.3186
0.2599
0.2169
0.1661
0.1016
0.0235
-0.0528
-0.1309
-0.2404
-0.3342
-0.4026
-0.4104
-0.3674
-0.2697
-0.1661
-0.0762
-0.0039
0.0528
0.1134
0.1994
0.3127
0.4378
0.5512
0.6332
0.6821
0.6919
0.6313
0.5218
0.3733
0.1915
-0.0059
-0.1896
-0.344
-0.4554
-0.5316
-0.559
-0.5336
-0.4339
-0.2775
-0.0977
0.0645
0.2013
0.2951
0.3498
0.3811
0.3831
0.3713
0.3166
0.2424
0.1564
0.0762
0.002
-0.0528
-0.0684
-0.0684
-0.0469
-0.002
0.0528
0.0723
0.0567
0.0059
-0.0625
-0.1349
-0.1876
-0.2228
-0.2482
-0.2717
-0.2893
-0.3029
-0.3108
-0.3127
-0.3127
-0.2951
-0.258
-0.1779
-0.0821
0.0293
0.1505
0.2619
0.3557
0.4046
0.4085
0.3753
0.3068
0.2169
0.1212
0.0235
-0.0547
-0.1173
-0.17
-0.2072
-0.2404
-0.2541
-0.2404
-0.1935
-0.1212
-0.0469
0.0332
0.1055
0.1524
0.1818
0.1994
0.213
0.2209
0.2189
0.2013
0.172
0.1329
0.1036
0.0704
0.0508
0.0352
0.0215
0.002
0
0.0195
0.0704
0.129
0.1837
0.2443
0.2932
0.3303
0.342
0.3323
0.3166
0.2912
0.258
0.2169
0.1642
0.0938
0.0371
0.002
-0.0352
-0.0762
-0.0899
-0.0625
-0.0235
0.0293
0.1016
0.1798
0.256
0.3225
0.3753
0.3987
0.4222
0.4378
0.4339
0.4026
0.3557
0.2893
0.2345
0.1915
0.1544
0.1173
0.0782
0.0469
0.045
0.0567
0.0919
0.1329
0.1896
0.2384
0.2619
0.258
0.2463
0.2463
0.2463
0.2502
0.2521
0.2424
0.2306
0.215
0.215
0.2326
0.2521
0.2678
0.2756
0.2814
0.2658
0.2404
0.2189
0.1935
0.1759
0.1642
0.1583
0.1661
0.1974
0.2306
0.258
0.2775
0.2795
0.2678
0.2541
0.2424
0.2443
0.2502
0.2619
0.2717
0.2775
0.2697
0.256
0.2365
0.2189
0.2052
0.2033
0.213
0.2248
0.2384
0.2541
0.2775
0.2854
0.2912
0.2971
0.3049
0.3166
0.3166
0.3088
0.2951
0.2736
0.2521
0.2365
0.2209
0.2111
0.1994
0.2091
0.2345
0.2697
0.2893
0.2971
0.2893
0.2756
0.2619
0.2502
0.2404
0.2404
0.2541
0.2893
0.3342
0.3713
0.3968
0.4163
0.4339
0.4417
0.4476
0.4456
0.4378
0.4183
0.3987
0.3753
0.3479
0.3283
0.3186
0.3049
0.3049
0.3088
0.3108
0.3108
0.3108
0.3029
0.299
0.2951
0.2775
0.2658
0.258
0.2541
0.2541
0.2541
0.2541
0.2697
0.2951
0.3186
0.3381
0.3381
0.3205
0.3049
0.2971
0.301
0.3225
0.3381
0.3362
0.3088
0.2795
0.2521
0.2306
0.215
0.2091
0.2091
0.2111
0.2189
0.2326
0.2697
0.3323
0.3987
0.4632
0.516
0.5433
0.5472
0.5375
0.5179
0.4964
0.4827
0.4671
0.4573
0.4476
0.4417
0.4358
0.4222
0.3948
0.3753
0.344
0.3049
0.2717
0.2404
0.2248
0.2189
0.2365
0.2639
0.2854
0.3049
0.3108
0.3147
0.3205
0.3323
0.3401
0.3538
0.3674
0.385
0.4085
0.4417
0.4632
0.4827
0.4867
0.4886
0.4867
0.4788
0.4691
0.4652
0.4534
0.4534
0.4612
0.4671
0.471
0.471
0.4671
0.4612
0.4573
0.4495
0.4515
0.4476
0.4417
0.4261
0.4026
0.3889
0.3811
0.3831
0.3889
0.3948
0.3948
0.3909
0.3772
0.344
0.299
0.2541
0.215
0.1954
0.1994
0.2248
0.2463
0.2502
0.2599
0.2814
0.3147
0.3479
0.3792
0.4222
0.473
0.5238
0.5551
0.5805
0.5961
0.6039
0.6117
0.6157
0.6235
0.6293
0.6157
0.5922
0.5707
0.559
0.5336
0.5003
0.4554
0.4046
0.3733
0.3303
0.2775
0.2169
0.1642
0.1309
0.1153
0.1192
0.1407
0.1329
0.1603
0.1779
0.1779
0.1915
0.2052
0.2248
0.2502
0.2717
0.301
0.3459
0.4065
0.4612
0.5082
0.5492
0.5902
0.6
0.5687
0.5199
0.4691
0.4202
0.387
0.3753
0.3635
0.3498
0.3381
0.3166
0.2971
0.2912
0.299
0.3205
0.3362
0.3479
0.342
0.3381
0.3538
0.3811
0.4007
0.428
0.4456
0.4476
0.428
0.3928
0.3518
0.301
0.2599
0.2228
0.2013
0.1954
0.1857
0.1798
0.1818
0.1837
0.1954
0.215
0.2463
0.2756
0.2971
0.2932
0.256
0.2169
0.1779
0.1446
0.1388
0.1564
0.2052
0.2599
0.3029
0.3303
0.3459
0.3323
0.3088
0.3088
0.3283
0.3479
0.3772
0.4046
0.4241
0.4202
0.3987
0.3792
0.3518
0.3049
0.2502
0.2013
0.1759
0.1915
0.2404
0.3147
0.3889
0.4515
0.4886
0.5101
0.5179
0.5355
0.5277
0.4925
0.4261
0.3538
0.2639
0.1661
0.0743
0.0039
-0.0762
-0.1407
-0.1935
-0.2033
-0.1642
-0.0919
0.0039
0.1192
0.2619
0.3909
0.4886
0.5375
0.5277
0.4749
0.3948
0.2932
0.1818
0.0665
-0.045
-0.1173
-0.1388
-0.1016
-0.0039
0.1388
0.3342
0.5727
0.817
0.9909
1.0554
1.0124
0.8854
0.7231
0.5453
0.3577
0.1681
-0.0137
-0.1544
-0.2599
-0.3459
-0.3928
-0.3889
-0.3596
-0.2932
-0.1857
-0.0274
0.1544
0.3283
0.4534
0.5218
0.5355
0.5082
0.4593
0.4026
0.3616
0.3225
0.3049
0.2951
0.2912
0.2736
0.258
0.2463
0.2658
0.299
0.3088
0.2658
0.1818
0.0801
-0.0254
-0.1212
-0.2169
-0.2951
-0.3283
-0.3205
-0.2756
-0.213
-0.1466
-0.0547
0.0625
0.2052
0.3635
0.5277
0.6841
0.8248
0.8893
0.858
0.6997
0.4417
0.1505
-0.127
-0.3498
-0.5003
-0.5844
-0.5942
-0.5609
-0.4886
-0.3811
-0.2326
-0.0567
0.1212
0.3029
0.4593
0.5942
0.6841
0.6977
0.6117
0.4534
0.2678
0.0899
-0.0625
-0.1954
-0.3068
-0.3889
-0.428
-0.4163
-0.3518
-0.2404
-0.129
-0.0254
0.0723
0.1739
0.2756
0.3577
0.3987
0.4065
0.3635
0.2736
0.1603
0.041
-0.0684
-0.1505
-0.215
-0.256
-0.2814
-0.2814
-0.2619
-0.2228
-0.1915
-0.1524
-0.0997
-0.0332
0.0371
0.1094
0.1818
0.2365
0.2717
0.2854
0.2697
0.2326
0.1779
0.1114
0.0489
-0.0078
-0.0508
-0.0821
-0.1094
-0.1212
-0.1173
-0.1036
-0.0704
-0.0254
0.0293
0.0997
0.17
0.2287
0.2717
0.2873
0.2756
0.2384
0.2013
0.1739
0.1524
0.1153
0.0723
0.0371
0.0098
-0.0078
-0.0098
0.0098
0.041
0.0782
0.1173
0.1505
0.17
0.17
0.1544
0.1231
0.084
0.0469
0.0274
0.0332
0.0313
0.0332
0.0743
0.1368
0.2013
0.2678
0.3166
0.342
0.3459
0.344
0.3362
0.3244
0.2971
0.2639
0.2345
0.2228
0.2091
0.1857
0.1681
0.1564
0.1622
0.1818
0.2169
0.2482
0.2619
0.2482
0.2306
0.2189
0.2326
0.2541
0.2463
0.215
0.1739
0.1329
0.0997
0.084
0.0821
0.0899
0.1153
0.1446
0.1779
0.2189
0.2619
0.2873
0.3029
0.3108
0.3029
0.2854
0.2619
0.2482
0.2424
0.2541
0.2854
0.3108
0.3381
0.3518
0.3479
0.3244
0.2814
0.2248
0.1622
0.0977
0.0489
0.0156
-0.0117
-0.0254
-0.0176
0.0078
0.0293
0.0586
0.0977
0.1505
0.2111
0.2795
0.3166
0.3381
0.3538
0.3596
0.3655
0.3733
0.3753
0.3674
0.3577
0.3381
0.3205
0.3068
0.2912
0.2736
0.258
0.258
0.2678
0.2756
0.2658
0.258
0.2365
0.2189
0.213
0.2169
0.2209
0.2189
0.2267
0.2443
0.2775
0.3127
0.3557
0.385
0.4124
0.4378
0.4358
0.4124
0.3753
0.3342
0.2971
0.2678
0.2482
0.2404
0.2424
0.2541
0.2873
0.3381
0.3792
0.3987
0.4143
0.4124
0.4007
0.387
0.3596
0.3088
0.2756
0.2404
0.2228
0.2189
0.2228
0.2267
0.2345
0.2463
0.2599
0.2717
0.2912
0.3088
0.3186
0.3225
0.3244
0.3166
0.301
0.2834
0.2814
0.2834
0.2971
0.301
0.2971
0.2912
0.2736
0.2599
0.256
0.2619
0.2854
0.3108
0.3303
0.342
0.3459
0.3498
0.3498
0.3557
0.3635
0.3655
0.3655
0.3753
0.3811
0.385
0.385
0.3772
0.3596
0.3381
0.3225
0.3225
0.3225
0.3186
0.3186
0.3108
0.2971
0.2854
0.2814
0.2854
0.2971
0.3166
0.3323
0.3479
0.3655
0.3713
0.3792
0.3792
0.3811
0.3753
0.3655
0.3538
0.3264
0.3147
0.3068
0.301
0.301
0.2912
0.2795
0.2658
0.256
0.256
0.2834
0.3283
0.3733
0.3948
0.4143
0.4241
0.4378
0.4476
0.4534
0.4515
0.4534
0.4515
0.4437
0.4456
0.4456
0.4534
0.4691
0.473
0.473
0.4652
0.4476
0.4104
0.3753
0.3479
0.3264
0.3205
0.3303
0.3459
0.3616
0.3655
0.3596
0.3498
0.3401
0.3283
0.3166
0.3068
0.3029
0.3068
0.3088
0.3029
0.3068
0.3068
0.3147
0.3264
0.3362
0.3479
0.3557
0.3713
0.3831
0.3889
0.3968
0.4026
0.4202
0.4495
0.4652
0.473
0.4808
0.4808
0.4925
0.5023
0.5238
0.5433
0.5629
0.5668
0.5707
0.5629
0.5414
0.5121
0.4671
0.4163
0.3616
0.301
0.2404
0.1935
0.1622
0.1505
0.1485
0.1681
0.1994
0.2404
0.2912
0.3342
0.3753
0.4143
0.4612
0.4964
0.5336
0.5687
0.5961
0.6039
0.5922
0.5668
0.516
0.4671
0.4183
0.3713
0.3362
0.3088
0.3205
0.3068
0.3049
0.3264
0.2893
0.2463
0.2111
0.1896
0.1798
0.1818
0.1857
0.2013
0.2384
0.2834
0.3362
0.3753
0.4026
0.4339
0.4769
0.5101
0.5257
0.5082
0.4827
0.4534
0.4398
0.4241
0.4104
0.4046
0.3987
0.387
0.3889
0.3909
0.387
0.3733
0.3635
0.3694
0.3733
0.3792
0.3811
0.3909
0.3968
0.3968
0.385
0.3674
0.3381
0.3029
0.2619
0.2209
0.1876
0.1857
0.2072
0.2267
0.2424
0.2599
0.2951
0.3362
0.3713
0.3831
0.3811
0.3694
0.3616
0.3655
0.3753
0.3987
0.43
0.4358
0.4163
0.3772
0.3323
0.2971
0.2893
0.301
0.301
0.2932
0.2971
0.3283
0.3928
0.473
0.5355
0.5609
0.5492
0.5101
0.4632
0.4183
0.3772
0.3362
0.2814
0.2209
0.1603
0.1173
0.0743
0.0606
0.0782
0.1134
0.1739
0.2424
0.3108
0.3713
0.428
0.473
0.5003
0.5277
0.5609
0.6039
0.6469
0.6704
0.6645
0.6176
0.5355
0.4417
0.3498
0.2678
0.2111
0.1896
0.1915
0.2033
0.213
0.215
0.2072
0.1857
0.1798
0.2091
0.2678
0.3264
0.3792
0.4085
0.4143
0.3889
0.3381
0.2678
0.1896
0.1212
0.0684
0.041
0.0469
0.0743
0.1036
0.1524
0.1857
0.2365
0.301
0.3831
0.4886
0.6117
0.729
0.8072
0.8443
0.8404
0.8091
0.7446
0.6489
0.5316
0.4085
0.2834
0.1524
0.045
-0.0156
-0.0567
-0.0821
-0.0938
-0.0879
-0.0137
0.1075
0.2482
0.3713
0.4593
0.5042
0.516
0.5082
0.4886
0.4612
0.4339
0.4104
0.3928
0.385
0.387
0.4241
0.4964
0.5648
0.5942
0.5551
0.4358
0.2756
0.1134
0.0039
-0.0704
-0.0997
-0.0899
-0.0332
0.0919
0.2658
0.4398
0.5922
0.6919
0.7446
0.772
0.7935
0.7837
0.7427
0.6547
0.5394
0.4007
0.2736
0.1407
0.0547
-0.0059
-0.0782
-0.1485
-0.2169
-0.2502
-0.2072
-0.1036
0.0332
0.1661
0.2678
0.3498
0.3948
0.4222
0.4261
0.3909
0.342
0.2854
0.2443
0.2424
0.2756
0.3303
0.3948
0.4554
0.5003
0.5238
0.5277
0.5238
0.5101
0.4671
0.385
0.2697
0.1407
0.0137
-0.086
-0.1681
-0.2384
-0.2951
-0.3362
-0.3479
-0.3362
-0.2971
-0.2287
-0.1388
-0.043
0.0586
0.1485
0.2345
0.301
0.3674
0.4241
0.4827
0.5414
0.6
0.645
0.6723
0.686
0.6782
0.6626
0.6313
0.6
0.5687
0.5433
0.5277
0.5336
0.5472
0.5609
0.5609
0.5551
0.5414
0.5199
0.5003
0.4691
0.4495
0.4339
0.4241
0.4124
0.4183
0.4241
0.4339
0.4534
0.4749
0.4984
0.5199
0.5414
0.559
0.5942
0.6391
0.6919
0.7446
0.7837
0.8111
0.8267
0.8287
0.815
0.7935
0.7701
0.7446
0.729
0.7231
0.7173
0.7095
0.6977
0.6801
0.6587
0.6313
0.6117
0.6039
0.6137
0.6391
0.6801
0.7231
0.7603
0.7759
0.7759
0.7622
0.7525
0.7505
0.7564
0.7701
0.7916
0.817
0.8404
0.8697
0.899
0.9362
0.9518
0.9479
0.9264
0.899
0.8697
0.8482
0.8365
0.8365
0.858
0.8893
0.9245
0.946
0.9479
0.942
0.9264
0.9069
0.8756
0.8424
0.8131
0.7916
0.7681
0.7466
0.7271
0.7212
0.7231
0.7427
0.7622
0.7681
0.7681
0.7622
0.7544
0.7446
0.7368
0.7231
0.7173
0.7271
0.7466
0.7896
0.8443
0.8932
0.944
0.9831
1.0163
1.0359
1.0534
1.0691
1.0789
1.0671
1.0476
1.0222
1.0085
0.9909
0.9831
0.9714
0.9714
0.9635
0.9557
0.942
0.9264
0.9127
0.901
0.8932
0.8951
0.8893
0.8697
0.8385
0.8091
0.7857
0.774
0.7701
0.7818
0.8033
0.8424
0.8834
0.9284
0.9811
1.0202
1.0554
1.0789
1.0847
1.0769
1.0652
1.0495
1.0437
1.0534
1.071
1.0984
1.1375
1.1649
1.2
1.2352
1.2684
1.2919
1.2978
1.2841
1.2645
1.2333
1.2059
1.1824
1.1668
1.1609
1.1609
1.1707
1.1844
1.1942
1.1805
1.1903
1.1981
1.1922
1.1746
1.1609
1.1375
1.1179
1.0984
1.0828
1.0691
1.0574
1.0476
1.0437
1.0476
1.0456
1.0476
1.0476
1.0398
1.0359
1.0222
1.0065
0.9948
0.9772
0.9538
0.9381
0.9264
0.9186
0.9186
0.9127
0.9127
0.9108
0.9049
0.903
0.901
0.8893
0.8795
0.8678
0.858
0.8502
0.8482
0.8521
0.856
0.858
0.86
0.858
0.86
0.8639
0.8619
0.8541
0.8541
0.8521
0.8502
0.8463
0.8424
0.8267
0.8072
0.7896
0.7681
0.7427
0.7231
0.7036
0.6801
0.6547
0.6528
0.6665
0.6821
0.6821
0.6723
0.6528
0.6313
0.6176
0.6215
0.6411
0.6645
0.6821
0.6919
0.688
0.6782
0.6587
0.6391
0.6176
0.6039
0.5922
0.5863
0.5785
0.5727
0.5668
0.559
0.5492
0.5355
0.5238
0.5042
0.4808
0.4593
0.4495
0.4573
0.4769
0.5101
0.5551
0.6059
0.6528
0.6958
0.7212
0.7388
0.7486
0.7642
0.7759
0.7935
0.815
0.8287
0.8541
0.8795
0.9069
0.9381
0.9675
0.989
1.0065
1.0124
1.0065
1.0046
1.0065
1.0085
1.0065
1.0026
0.9929
0.9831
0.9694
0.9538
0.9342
0.9049
0.8775
0.8424
0.8111
0.7779
0.7446
0.7173
0.7056
0.6958
0.6977
0.7134
0.7349
0.7544
0.7818
0.8091
0.8326
0.8521
0.8639
0.8678
0.8834
0.8932
0.9069
0.9186
0.9303
0.9362
0.9401
0.9479
0.9557
0.9635
0.9772
0.9929
1.0026
1.0144
1.0144
1.0046
0.987
0.9557
0.9205
0.8795
0.8482
0.8209
0.8111
0.8072
0.8072
0.8287
0.8463
0.8756
0.9049
0.9342
0.9577
0.9811
0.9987
1.0105
1.0144
1.0124
1.0026
0.9948
0.9772
0.9655
0.9518
0.9362
0.9225
0.9108
0.9049
0.901
0.8971
0.8932
0.8951
0.8932
0.8912
0.8873
0.8834
0.8736
0.8639
0.8482
0.8385
0.8189
0.8033
0.7779
0.7505
0.7212
0.6841
0.6528
0.6274
0.6157
0.6117
0.6176
0.6313
0.6567
0.686
0.7173
0.7525
0.7857
0.817
0.8365
0.8541
0.8658
0.8639
0.858
0.8424
0.8248
0.7935
0.7661
0.7388
0.729
0.7192
0.7173
0.7153
0.7192
0.7251
0.7329
0.7486
0.7583
0.7661
0.774
0.7818
0.7896
0.7955
0.7994
0.8033
0.7896
0.7759
0.7525
0.7349
0.7134
0.6997
0.688
0.6899
0.7036
0.731
0.774
0.8209
0.8697
0.901
0.9362
0.9909
1.0065
1.0417
1.0613
1.0847
1.0945
1.1004
1.1004
1.0984
1.0925
1.0749
1.0574
1.0359
1.0222
1.0183
1.028
1.0437
1.0632
1.0906
1.1199
1.1473
1.1629
1.1609
1.1473
1.1179
1.0886
1.0593
1.0378
1.0241
1.028
1.0398
1.0534
1.0652
1.0671
1.0574
1.0339
0.9929
0.946
0.8873
0.8228
0.7603
0.6899
0.6332
0.5746
0.5238
0.4847
0.4534
0.4398
0.4378
0.4378
0.4476
0.4534
0.4652
0.4691
0.471
0.471
0.4612
0.4515
0.4358
0.4183
0.4104
0.3987
0.4065
0.4085
0.4183
0.4183
0.4065
0.3968
0.3811
0.3655
0.3498
0.342
0.344
0.3518
0.3694
0.3811
0.3909
0.4143
0.4319
0.4476
0.4476
0.4495
0.4476
0.4358
0.4124
0.3889
0.3635
0.3225
0.2834
0.2463
0.2189
0.1935
0.1739
0.1583
0.1505
0.1407
0.1407
0.1485
0.1583
0.1779
0.2052
0.2209
0.2267
0.2228
0.2033
0.17
0.1329
0.1036
0.0762
0.0586
0.045
0.0391
0.0352
0.0508
0.0665
0.0899
0.1231
0.1544
0.1896
0.2306
0.2873
0.342
0.3948
0.4437
0.4847
0.5199
0.5512
0.5785
0.6
0.6157
0.6235
0.6293
0.6332
0.6332
0.6235
0.6254
0.6215
0.6117
0.602
0.5883
0.5746
0.557
0.5433
0.5199
0.5003
0.4749
0.4495
0.4319
0.4046
0.3792
0.3635
0.344
0.3225
0.301
0.2854
0.2717
0.258
0.2502
0.2463
0.2443
0.2443
0.2502
0.2599
0.2639
0.2736
0.2854
0.2951
0.3029
0.3108
0.3068
0.3127
0.3147
0.3166
0.3166
0.3166
0.3108
0.3108
0.3108
0.3108
0.3147
0.3362
0.3616
0.3889
0.4222
0.4476
0.4691
0.4827
0.4808
0.4808
0.4827
0.4749
0.4671
0.4652
0.4554
0.4456
0.4378
0.4163
0.3909
0.3713
0.3381
0.3108
0.2854
0.2599
0.2345
0.2169
0.1974
0.1837
0.17
0.1564
0.1485
0.1427
0.1466
0.1544
0.1642
0.1798
0.1915
0.2072
0.2169
0.2248
0.2384
0.2541
0.2678
0.2717
0.2775
0.2854
0.2912
0.2971
0.301
0.3088
0.3127
0.3166
0.3244
0.3303
0.3323
0.3303
0.3303
0.3323
0.3479
0.3616
0.3753
0.3831
0.385
0.385
0.3811
0.3733
0.3674
0.3557
0.344
0.3401
0.3342
0.3303
0.3303
0.3244
0.3225
0.3225
0.3205
0.3205
0.3283
0.3303
0.342
0.3498
0.3538
0.3635
0.3792
0.3987
0.4358
0.4769
0.5199
0.5629
0.5981
0.6235
0.6372
0.6391
0.6332
0.6254
0.6059
0.5902
0.5727
0.557
0.5433
0.5277
0.5179
0.5062
0.5023
0.4945
0.4867
0.4749
0.4554
0.4358
0.4163
0.3909
0.3772
0.3518
0.3264
0.3068
0.2873
0.2678
0.2521
0.2365
0.2228
0.2111
0.2033
0.1935
0.1896
0.1896
0.1857
0.1857
0.1857
0.1857
0.1876
0.1876
0.1857
0.1896
0.1935
0.1974
0.2033
0.2091
0.2209
0.2326
0.2424
0.2521
0.258
0.2619
0.2697
0.2658
0.2678
0.2658
0.2639
0.2599
0.256
0.2482
0.2482
0.2463
0.2482
0.2482
0.2502
0.2521
0.256
0.256
0.2599
0.2619
0.2658
0.2639
0.2599
0.2639
0.2599
0.2541
0.2521
0.2502
0.2502
0.2463
0.2502
0.2521
0.2521
0.258
0.2599
0.2658
0.2658
0.2658
0.2697
0.2775
0.2795
0.2873
0.2971
0.3049
0.3166
0.3244
0.3323
0.3342
0.3381
0.3401
0.342
0.3479
0.3479
0.3577
0.3811
0.3831
0.3792
0.3753
0.3596
0.3518
0.3459
0.3459
0.3479
0.3557
0.3538
0.3538
0.3498
0.3362
0.3244
0.3068
0.2951
0.2814
0.2717
0.2541
0.2365
0.2209
0.2013
0.1818
0.17
0.1642
0.1603
0.1622
0.1739
0.1779
0.1896
0.1896
0.1857
0.1837
0.1798
0.1661
0.1564
0.1485
0.1388
0.1349
0.1309
0.1309
0.1309
0.1329
0.1368
0.1407
0.1485
0.1524
0.1603
0.1681
0.1779
0.1837
0.1896
0.2013
0.2072
0.213
0.2189
0.2267
0.2306
0.2326
0.2404
0.2521
0.2599
0.2678
0.2756
0.2854
0.2951
0.3068
0.3166
0.3244
0.3323
0.3401
0.3518
0.3577
0.3655
0.3674
0.3733
0.3753
0.3792
0.3792
0.3792
0.3831
0.3831
0.3831
0.3811
0.3811
0.3772
0.3674
0.3616
0.3518
0.3459
0.3381
0.3381
0.3323
0.3342
0.3381
0.3283
0.3225
0.3166
0.3068
0.2971
0.2873
0.2795
0.2678
0.2599
0.2521
0.2424
0.2345
0.2287
0.2228
0.213
0.2091
0.2072
0.2013
0.1974
0.1974
0.1935
0.1896
0.1876
0.1876
0.1857
0.1818
0.1739
0.1739
0.1642
0.1603
0.1544
0.1485
0.1407
0.1349
0.1329
0.129
0.1309
0.1329
0.1368
0.1388
0.1427
0.1466
0.1524
0.1524
0.1505
0.1524
0.1544
0.1505
0.1505
0.1407
0.129
0.1134
0.1036
0.0899
0.0899
0.0958
0.1114
0.1407
0.1759
0.2111
0.2482
0.2814
0.3108
0.3323
0.3479
0.3616
0.3694
0.3694
0.3713
0.3635
0.3518
0.3323
0.3108
0.2854
0.258
0.2365
0.2189
0.2072
0.1974
0.2013
0.1994
0.2052
0.2072
0.213
0.2228
0.2267
0.2287
0.2326
0.2345
0.2384
0.2482
0.256
0.2599
0.2658
0.2736
0.2834
0.2912
0.3049
0.3186
0.3362
0.3596
0.3792
0.3928
0.4124
0.428
0.4358
0.4417
0.4495
0.4456
0.4456
0.4417
0.4339
0.428
0.4183
0.4065
0.3948
0.3792
0.3616
0.3381
0.3147
0.2951
0.2717
0.2521
0.2326
0.2169
0.2013
0.1896
0.1779
0.1681
0.1564
0.1505
0.1388
0.1309
0.1231
0.1192
0.1134
0.1094
0.1114
0.1134
0.1173
0.1231
0.1309
0.1388
0.1427
0.1524
0.1564
0.1564
0.1603
0.1661
0.1681
0.17
0.1779
0.1896
0.1954
0.2052
0.213
0.2169
0.2209
0.2248
0.2326
0.2326
0.2365
0.2424
0.2482
0.2502
0.256
0.2619
0.2678
0.2775
0.2893
0.2951
0.3049
0.3127
0.3147
0.3186
0.3186
0.3166
0.3088
0.3088
0.3029
0.3049
0.3029
0.3068
0.3049
0.301
0.3068
0.3029
0.2971
0.301
0.299
0.299
0.301
0.3049
0.3108
0.3127
0.3186
0.3205
0.3205
0.3186
0.3225
0.3186
0.3147
0.3147
0.3147
0.3127
0.3088
0.3088
0.3049
0.3088
0.3108
0.3108
0.3088
0.3127
0.3127
0.3147
0.3108
0.3108
0.3088
0.3049
0.3029
0.299
0.2932
0.2932
0.2912
0.2912
0.2873
0.2873
0.2873
0.2912
0.2951
0.3049
0.3147
0.3225
0.3303
0.3401
0.3498
0.3557
0.3635
0.3713
0.3753
0.3811
0.3831
0.3831
0.3811
0.3772
0.3713
0.3616
0.3459
0.3401
0.3283
0.3147
0.3029
0.2932
0.2873
0.2775
0.2678
0.2619
0.256
0.2521
0.2521
0.2639
0.2717
0.2834
0.2834
0.2873
0.2775
0.2619
0.2502
0.2365
0.2228
0.2111
0.2052
0.2013
0.2033
0.1994
0.1954
0.1974
0.1876
0.1798
0.1759
0.17
0.1642
0.1544
0.1505
0.1505
0.1407
0.1368
0.1349
0.1329
0.1407
0.1505
0.1603
0.1681
0.1759
0.1896
0.1994
0.2169
0.2326
0.2463
0.2619
0.2736
0.2854
0.2971
0.3068
0.3127
0.3205
0.3283
0.3303
0.3264
0.3303
0.3342
0.3401
0.3459
0.3538
0.3518
0.3557
0.3577
0.3557
0.3498
0.3498
0.3479
0.3459
0.3459
0.344
0.3381
0.3401
0.3362
0.3323
0.3323
0.3264
0.3244
0.3225
0.3283
0.3244
0.3244
0.3264
0.3244
0.3205
0.3108
0.3049
0.2854
0.2756
0.2639
0.2463
0.2326
0.2169
0.2072
0.1954
0.1857
0.1779
0.17
0.1603
0.1524
0.1485
0.1466
0.1407
0.1427
0.1407
0.1427
0.1407
0.1466
0.1485
0.1524
0.1583
0.1622
0.1681
0.17
0.1818
0.1876
0.1935
0.1974
0.1974
0.1954
0.1935
0.1915
0.1896
0.1915
0.1915
0.1954
0.1974
0.1994
0.2013
0.1994
0.2013
0.2033
0.2052
0.2072
0.2091
0.2111
0.2111
0.2169
0.2209
0.2326
0.2443
0.258
0.2678
0.2854
0.301
0.3186
0.3323
0.3498
0.3674
0.3792
0.3889
0.4007
0.4124
0.4241
0.428
0.4339
0.4417
0.4495
0.4495
0.4554
0.4593
0.4554
0.4534
0.4495
0.4417
0.4339
0.4222
0.4065
0.3889
0.3831
0.3753
0.3596
0.344
0.3264
0.3127
0.3049
0.2893
0.2775
0.2717
0.2658
0.2639
0.258
0.258
0.256
0.2521
0.2521
0.2502
0.2463
0.2502
0.2482
0.2443
0.2384
0.2345
0.2326
0.2287
0.2287
0.2267
0.2209
0.2169
0.2072
0.1994
0.1896
0.1779
0.17
0.1642
0.1583
0.1505
0.1505
0.1427
0.1388
0.1349
0.129
0.1251
0.1192
0.1134
0.1094
0.1114
0.1114
0.1192
0.1212
0.1231
0.129
0.1368
0.1407
0.1446
0.1466
0.1564
0.1583
0.1642
0.1642
0.1681
0.17
0.1779
0.1837
0.1915
0.1994
0.2072
0.215
0.2248
0.2287
0.2365
0.2424
0.2502
0.2521
0.2521
0.256
0.256
0.2599
0.2599
0.2599
0.258
0.2541
0.2521
0.2463
0.2443
0.2365
0.2287
0.2228
0.2209
0.215
0.2111
0.2111
0.2111
0.2111
0.213
0.2091
0.213
0.2169
0.2169
0.2189
0.2209
0.2228
0.2248
0.2228
0.2248
0.2228
0.2189
0.2169
0.213
0.2111
0.2052
0.2072
0.2052
0.2052
0.2052
0.2072
0.2072
0.213
0.2169
0.2209
0.2287
0.2306
0.2267
0.2228
0.2169
0.2111
0.2013
0.1915
0.1857
0.1779
0.1818
0.1818
0.1837
0.1935
0.2013
0.2091
0.2169
0.2209
0.2248
0.2345
0.2404
0.2463
0.2541
0.258
0.2619
0.2658
0.2639
0.2717
0.2736
0.2756
0.2795
0.2775
0.2834
0.2854
0.2834
0.2893
0.2932
0.299
0.3068
0.3108
0.3186
0.3225
0.3244
0.3283
0.3362
0.344
0.3479
0.3577
0.3635
0.3694
0.3772
0.3792
0.3831
0.3889
0.3968
0.3987
0.4104
0.4104
0.4163
0.4163
0.4143
0.4143
0.4104
0.4026
0.3948
0.387
0.3792
0.3674
0.3538
0.3401
0.3303
0.3186
0.3127
0.301
0.2912
0.2873
0.2854
