0.7857
0.8091
0.8404
0.8756
0.9186
0.9714
1.0222
1.073
1.1101
1.1394
1.1629
1.1883
1.2157
1.2274
1.2489
1.2665
1.2997
1.3388
1.372
1.4013
1.4189
1.4189
1.4013
1.372
1.3193
1.2606
1.1883
1.1121
1.0437
0.9831
0.9362
0.899
0.8678
0.8502
0.8326
0.817
0.7994
0.7837
0.7759
0.7642
0.7564
0.7505
0.7466
0.731
0.7036
0.6762
0.6547
0.6254
0.602
0.5863
0.5668
0.559
0.559
0.5531
0.557
0.5648
0.5707
0.5824
0.5844
0.5863
0.5863
0.5746
0.559
0.5453
0.5316
0.5199
0.5062
0.4867
0.4808
0.4808
0.4847
0.4964
0.5101
0.5375
0.5531
0.5629
0.5668
0.5766
0.6
0.6215
0.6372
0.6665
0.686
0.6919
0.7095
0.6997
0.7095
0.7056
0.6801
0.6704
0.6508
0.6391
0.6352
0.6352
0.645
0.6567
0.6587
0.6489
0.6489
0.6782
0.729
0.7779
0.8443
0.9049
0.946
0.9675
0.9909
1.0163
1.0222
1.0241
1.03
1.0241
1.0144
0.9987
0.9968
1.0144
1.0339
1.0515
1.0476
1.0574
1.0554
1.0593
1.0808
1.1062
1.114
1.0984
1.0945
1.073
1.0339
1.03
1.0183
1.0241
1.0202
1.0163
1.03
1.0476
1.0789
1.1219
1.1727
1.1766
1.1512
1.1219
1.0828
1.0456
1.0026
0.9577
0.9147
0.8795
0.8502
0.8248
0.7916
0.7466
0.7075
0.6782
0.6606
0.6489
0.6391
0.6372
0.645
0.6547
0.6782
0.7016
0.7271
0.7603
0.7974
0.8326
0.8639
0.8795
0.8815
0.8756
0.8697
0.856
0.8482
0.8521
0.86
0.8775
0.8951
0.9108
0.9186
0.9166
0.901
0.8756
0.86
0.8482
0.8502
0.8463
0.8521
0.856
0.86
0.856
0.856
0.8385
0.8248
0.8131
0.8267
0.8443
0.8736
0.9069
0.9538
0.9948
1.0417
1.0808
1.1101
1.116
1.0886
1.03
0.9538
0.8873
0.8287
0.7857
0.7544
0.7427
0.7329
0.7349
0.7564
0.8052
0.86
0.9284
0.9811
1.0163
1.0202
0.9968
0.942
0.8795
0.8033
0.7251
0.6547
0.6
0.5629
0.5472
0.5394
0.5512
0.5707
0.6078
0.6665
0.7446
0.817
0.8854
0.9362
0.9753
0.9929
0.9929
0.987
0.9811
0.9655
0.944
0.9225
0.8932
0.856
0.8267
0.7955
0.7798
0.7876
0.8209
0.86
0.9049
0.9362
0.9596
0.9772
0.9694
0.9635
0.944
0.9127
0.8893
0.8678
0.8502
0.8463
0.8385
0.8306
0.8189
0.8013
0.7642
0.7251
0.6977
0.6919
0.6958
0.7251
0.7642
0.8091
0.86
0.9088
0.9362
0.9557
0.9616
0.9772
0.9929
1.0144
1.032
1.0476
1.0671
1.0789
1.0828
1.1004
1.114
1.114
1.1082
1.0847
1.0495
1.028
1.0085
0.9968
0.989
0.9811
0.9733
0.9675
0.9596
0.9362
0.9225
0.9049
0.8854
0.8639
0.8463
0.8091
0.7798
0.7505
0.7329
0.7212
0.7134
0.7075
0.6997
0.6821
0.6684
0.6606
0.6567
0.6528
0.6626
0.6762
0.7095
0.731
0.7642
0.7916
0.8306
0.8424
0.8365
0.8404
0.8541
0.8228
0.7779
0.7231
0.643
0.5433
0.4671
0.3674
0.2619
0.1564
0.0723
-0.0156
-0.084
-0.1055
-0.0919
-0.045
0.0274
0.1055
0.1739
0.2463
0.3108
0.3772
0.4437
0.514
0.5746
0.6293
0.6626
0.6801
0.6899
0.7036
0.7075
0.7095
0.6821
0.6411
0.5922
0.557
0.5375
0.5394
0.5531
0.5805
0.6137
0.6508
0.6743
0.6801
0.6743
0.6508
0.6254
0.5942
0.5668
0.5297
0.4847
0.4319
0.385
0.344
0.2912
0.2678
0.2736
0.3068
0.3596
0.4163
0.4945
0.5785
0.6528
0.7368
0.8131
0.899
0.989
1.0808
1.1903
1.3036
1.4287
1.5557
1.6378
1.6671
1.6437
1.5948
1.5069
1.3955
1.2704
1.1512
1.032
0.9205
0.8267
0.7388
0.6547
0.5785
0.5121
0.4456
0.387
0.3596
0.3186
0.2971
0.2736
0.2424
0.2091
0.17
0.1603
0.1779
0.2306
0.301
0.3518
0.3792
0.3713
0.344
0.3205
0.3166
0.3342
0.3792
0.4378
0.5101
0.5785
0.6528
0.7192
0.7818
0.8365
0.8834
0.9323
0.9831
1.0261
1.0652
1.0925
1.0964
1.0808
1.0398
0.989
0.9264
0.8658
0.8111
0.7681
0.7271
0.6977
0.6704
0.6469
0.6235
0.5961
0.5648
0.5316
0.5082
0.4964
0.4964
0.5199
0.5531
0.5922
0.6313
0.6528
0.6704
0.6801
0.686
0.6899
0.688
0.6684
0.6372
0.6098
0.5785
0.5531
0.5492
0.5648
0.5942
0.6411
0.6821
0.7251
0.7642
0.7974
0.8228
0.8463
0.8639
0.8756
0.8854
0.8932
0.8873
0.8697
0.8404
0.7994
0.7583
0.729
0.7173
0.7153
0.731
0.7486
0.7544
0.7486
0.7251
0.7016
0.6743
0.6528
0.6215
0.5883
0.5492
0.5179
0.4925
0.4749
0.4749
0.4847
0.5121
0.5512
0.6078
0.6821
0.774
0.8795
0.9929
1.0925
1.1707
1.2235
1.245
1.2411
1.2196
1.1922
1.1668
1.1453
1.1277
1.1121
1.0945
1.0691
1.0359
0.9929
0.9479
0.899
0.8619
0.8287
0.8052
0.7857
0.7603
0.7271
0.6997
0.6626
0.6293
0.5942
0.557
0.516
0.4827
0.4593
0.4358
0.4163
0.4007
0.3928
0.387
0.385
0.3772
0.3401
0.2912
0.2697
0.2717
0.3108
0.3635
0.4124
0.4476
0.4652
0.4691
0.4691
0.4769
0.5003
0.5277
0.5512
0.5629
0.557
0.5492
0.5375
0.5277
0.5336
0.5394
0.5531
0.5766
0.6059
0.6411
0.688
0.729
0.7642
0.7876
0.8033
0.8052
0.8033
0.7974
0.7916
0.774
0.7505
0.7173
0.6919
0.6704
0.6645
0.6684
0.6782
0.6801
0.6821
0.6684
0.6411
0.6059
0.5707
0.5414
0.5179
0.5023
0.4906
0.4964
0.4964
0.5101
0.5179
0.5238
0.5238
0.5277
0.5218
0.5082
0.4886
0.4749
0.4573
0.4398
0.4398
0.4573
0.4964
0.5375
0.5863
0.6352
0.6821
0.7173
0.7466
0.772
0.8033
0.8365
0.8717
0.9049
0.9284
0.9479
0.9616
0.9714
0.9831
0.985
0.989
0.9909
0.9929
0.985
0.9772
0.9557
0.9381
0.9166
0.8971
0.8873
0.8873
0.8834
0.8697
0.8521
0.8267
0.7994
0.774
0.7486
0.7329
0.7114
0.688
0.6665
0.6606
0.6684
0.6704
0.686
0.6958
0.7095
0.7134
0.7153
0.7095
0.6938
0.6684
0.6528
0.6313
0.6235
0.6215
0.6274
0.6469
0.6645
0.686
0.7016
0.7095
0.7075
0.6919
0.6841
0.6606
0.6391
0.6176
0.5981
0.5902
0.5863
0.5844
0.5824
0.5746
0.5687
0.559
0.5492
0.5336
0.5218
0.5121
0.5199
0.5414
0.5785
0.6274
0.6801
0.7192
0.7505
0.774
0.7955
0.8033
0.8072
0.8091
0.8013
0.7935
0.7935
0.7974
0.8091
0.8189
0.8209
0.8209
0.8228
0.8267
0.8267
0.8248
0.8189
0.8072
0.7916
0.7681
0.7505
0.7427
0.7427
0.7446
0.7505
0.7407
0.729
0.7036
0.6645
0.6332
0.602
0.5727
0.5531
0.5433
0.5394
0.5453
0.5648
0.5863
0.6098
0.6293
0.6352
0.6352
0.6293
0.6254
0.6137
0.6117
0.6196
0.6332
0.6489
0.6704
0.7016
0.7349
0.7642
0.7916
0.8033
0.8111
0.8033
0.7916
0.7798
0.774
0.7701
0.7818
0.7955
0.8033
0.8033
0.7974
0.7759
0.7583
0.7388
0.7231
0.7075
0.7016
0.6919
0.688
0.6841
0.686
0.6938
0.7056
0.7251
0.7466
0.7701
0.7857
0.7876
0.7798
0.7505
0.7095
0.6743
0.645
0.6332
0.6313
0.6332
0.6411
0.6547
0.6626
0.6606
0.6508
0.6372
0.6352
0.6372
0.643
0.6508
0.6567
0.6665
0.6762
0.6821
0.6782
0.6762
0.6723
0.6743
0.6801
0.6841
0.6938
0.7075
0.7329
0.7525
0.7603
0.7544
0.7329
0.7036
0.6645
0.6157
0.5746
0.5609
0.5551
0.5668
0.6039
0.6508
0.7016
0.7525
0.7955
0.817
0.8326
0.8404
0.8463
0.8385
0.8248
0.8091
0.7818
0.7544
0.729
0.7056
0.6899
0.6743
0.6489
0.6117
0.5687
0.5316
0.5082
0.4945
0.4964
0.5121
0.5238
0.5375
0.5394
0.5414
0.5336
0.5218
0.5199
0.5179
0.5218
0.5257
0.5394
0.5668
0.602
0.6411
0.6762
0.7075
0.7271
0.7486
0.772
0.8013
0.8482
0.8912
0.9205
0.9323
0.9284
0.9069
0.8854
0.8697
0.858
0.8443
0.8385
0.8326
0.8209
0.7916
0.7622
0.7368
0.7212
0.7095
0.6997
0.6821
0.6665
0.6528
0.6391
0.6196
0.6039
0.5883
0.5902
0.6039
0.6215
0.645
0.6801
0.7016
0.7095
0.7095
0.6997
0.688
0.6704
0.6567
0.643
0.6235
0.5902
0.5648
0.5668
0.5922
0.6391
0.688
0.7349
0.7857
0.8326
0.8893
0.9342
0.9596
0.9635
0.942
0.903
0.86
0.8072
0.7622
0.7271
0.7075
0.7095
0.7192
0.729
0.7505
0.7779
0.8189
0.8697
0.9205
0.9655
0.9987
1.032
1.0437
1.0378
1.0163
0.987
0.9557
0.9303
0.9186
0.9069
0.9108
0.9088
0.903
0.8971
0.8932
0.8932
0.899
0.9108
0.9264
0.9284
0.9245
0.9186
0.9147
0.903
0.8775
0.856
0.8326
0.815
0.8033
0.8033
0.817
0.8287
0.8404
0.8424
0.8404
0.8404
0.8521
0.8619
0.8756
0.8854
0.8912
0.9049
0.9127
0.9147
0.9147
0.9069
0.8951
0.8795
0.8619
0.8463
0.8326
0.8306
0.8404
0.8521
0.8658
0.8697
0.8619
0.8443
0.8228
0.7935
0.7681
0.7466
0.7251
0.7036
0.6899
0.6821
0.6821
0.6801
0.6704
0.6508
0.6196
0.5824
0.5531
0.5394
0.5433
0.559
0.5805
0.6137
0.6528
0.6938
0.7329
0.7583
0.774
0.7837
0.7896
0.7818
0.7661
0.7446
0.7368
0.7486
0.7818
0.817
0.858
0.9108
0.9479
0.9675
0.9772
0.9714
0.9655
0.9538
0.9362
0.903
0.8678
0.8345
0.8072
0.7994
0.7935
0.7916
0.7779
0.7622
0.7486
0.7486
0.7446
0.7388
0.7368
0.731
0.731
0.7407
0.7583
0.7837
0.8111
0.8443
0.8658
0.8736
0.8678
0.8521
0.8248
0.8131
0.817
0.8502
0.8893
0.9401
0.9772
1.0105
1.03
1.0359
1.03
1.0124
0.9909
0.9635
0.9362
0.8971
0.8619
0.8345
0.8131
0.7916
0.7759
0.772
0.7818
0.7896
0.7837
0.7818
0.7798
0.7974
0.8248
0.8502
0.8658
0.8678
0.856
0.8248
0.7818
0.7525
0.7544
0.774
0.7896
0.8052
0.8091
0.7994
0.7994
0.8033
0.8228
0.8502
0.8697
0.8912
0.9205
0.9538
0.9733
0.987
0.9831
0.9714
0.946
0.9225
0.9088
0.901
0.8932
0.8854
0.8717
0.858
0.8424
0.8287
0.8267
0.8326
0.8502
0.8717
0.8854
0.901
0.9088
0.9088
0.903
0.8932
0.8795
0.8717
0.858
0.8502
0.8424
0.8463
0.8463
0.8521
0.86
0.8736
0.8717
0.8756
0.8717
0.8639
0.8639
0.8697
0.8795
0.8834
0.8775
0.858
0.8404
0.8306
0.8248
0.8267
0.8189
0.8091
0.7916
0.7681
0.7505
0.7427
0.7427
0.7564
0.772
0.7974
0.8189
0.8287
0.8443
0.8521
0.8678
0.8756
0.8815
0.8717
0.8639
0.856
0.8404
0.8189
0.7916
0.7681
0.7544
0.7486
0.7446
0.7446
0.7427
0.7564
0.7759
0.7974
0.8248
0.8385
0.8463
0.8443
0.8345
0.817
0.8033
0.7837
0.7622
0.7466
0.7388
0.7407
0.7427
0.7407
0.7368
0.7056
0.6528
0.5922
0.5297
0.4827
0.4554
0.4515
0.4632
0.4827
0.5023
0.5297
0.5687
0.6313
0.6938
0.7544
0.8033
0.8424
0.8775
0.901
0.9147
0.9225
0.9303
0.9401
0.9479
0.9616
0.9577
0.9557
0.9694
0.985
1.0046
1.0046
0.989
0.9831
0.9675
0.9577
0.9518
0.9499
0.942
0.9303
0.9186
0.9147
0.9049
0.8912
0.8697
0.858
0.8521
0.8482
0.8385
0.8365
0.8521
0.8893
0.9108
0.9245
0.942
0.9616
0.9635
0.9499
0.942
0.942
0.944
0.946
0.9596
0.9616
0.9811
1.0105
1.0222
1.0339
1.0593
1.0593
1.0378
1.0202
1.0085
0.9968
0.987
0.9929
1.0007
1.0065
1.0105
1.0007
0.9948
0.9909
0.9753
0.9577
0.944
0.9225
0.9088
0.903
0.8951
0.9069
0.9205
0.9401
0.9538
0.9557
0.9499
0.942
0.9381
0.9303
0.9245
0.9147
0.9147
0.9069
0.9049
0.9186
0.9284
0.9342
0.9245
0.8951
0.8658
0.8482
0.8424
0.8521
0.8736
0.899
0.9303
0.9538
0.9499
0.9362
0.9362
0.942
0.9655
0.9909
0.987
0.9968
1.0339
1.0593
1.0808
1.0964
1.1023
1.0769
1.0359
1.0085
0.9772
0.944
0.9147
0.9049
0.9108
0.9147
0.9147
0.9088
0.8834
0.8717
0.8795
0.901
0.942
0.9811
1.0378
1.0847
1.0906
1.1121
1.1277
1.1453
1.1434
1.1121
1.0632
1.0241
0.9948
0.9772
0.9733
0.9518
0.9284
0.9225
0.9362
0.942
0.9264
0.9264
0.9323
0.9401
0.9557
0.989
1.0163
1.0515
1.0789
1.0906
1.0789
1.0437
1.0065
0.9616
0.9342
0.9069
0.8736
0.8502
0.8385
0.8306
0.8287
0.8326
0.8619
0.9127
0.9577
0.9929
1.0163
1.0339
1.0437
1.0574
1.0613
1.0574
1.0456
1.0378
1.0359
1.0378
1.0339
1.0398
1.0515
1.0574
1.0476
1.0378
1.032
1.032
1.0359
1.0417
1.0593
1.0671
1.0652
1.0652
1.0574
1.0593
1.0554
1.0554
1.0632
1.0554
1.03
0.9909
0.942
0.8971
0.8717
0.8639
0.8697
0.856
0.8521
0.8834
0.9127
0.9284
0.9362
0.9538
0.9753
0.9948
1.0202
1.0456
1.0632
1.0632
1.0574
1.0476
1.0495
1.0398
1.0144
0.9714
0.9381
0.8971
0.8639
0.8365
0.8209
0.817
0.8209
0.8267
0.8463
0.8502
0.8521
0.8443
0.8463
0.8287
0.8091
0.7896
0.7779
0.7759
0.7779
0.7974
0.8306
0.8815
0.9381
0.9948
1.0417
1.0808
1.1043
1.1179
1.1179
1.1043
1.0808
1.0456
1.0007
0.9655
0.944
0.9264
0.9264
0.9342
0.9401
0.9499
0.946
0.9479
0.9616
0.9792
0.9968
1.0026
0.9968
0.9811
0.9596
0.942
0.9381
0.9499
0.9714
0.9948
1.0065
1.0105
1.0144
1.0144
1.0202
1.0359
1.0632
1.0945
1.1219
1.1336
1.1316
1.1062
1.0593
1.0046
0.9205
0.8639
0.8248
0.7955
0.7701
0.7388
0.7036
0.6684
0.6469
0.6332
0.6372
0.6547
0.686
0.729
0.7661
0.8033
0.8345
0.8463
0.8404
0.8306
0.7935
0.7329
0.6665
0.602
0.5551
0.5179
0.5082
0.5042
0.4945
0.5023
0.516
0.5336
0.559
0.6039
0.6645
0.7173
0.7603
0.7916
0.815
0.8326
0.86
0.8854
0.9127
0.9342
0.944
0.9479
0.9479
0.9342
0.8951
0.8521
0.8111
0.774
0.7642
0.8072
0.8834
0.9831
1.0691
1.1258
1.1434
1.1101
1.0671
0.9929
0.8912
0.7642
0.6391
0.5394
0.4495
0.3694
0.3166
0.2717
0.258
0.2678
0.3068
0.3909
0.516
0.6489
0.7603
0.8443
0.8932
0.9147
0.9069
0.8834
0.8521
0.817
0.7701
0.7212
0.6606
0.6215
0.5902
0.5981
0.6372
0.7114
0.7994
0.8775
0.9479
0.9968
1.0183
1.0222
1.0163
0.9948
0.9635
0.9108
0.8521
0.7955
0.7368
0.6919
0.6606
0.6352
0.6215
0.6157
0.6235
0.6372
0.6489
0.6547
0.6508
0.6489
0.6508
0.6684
0.688
0.7016
0.7153
0.7173
0.7192
0.7231
0.731
0.7231
0.6977
0.6528
0.602
0.5551
0.516
0.4886
0.4691
0.4652
0.4847
0.5101
0.5453
0.5668
0.5824
0.602
0.6372
0.6704
0.6919
0.7114
0.7368
0.7701
0.8052
0.8521
0.8873
0.9245
0.9518
0.9694
0.9792
0.9772
0.9616
0.9323
0.903
0.8893
0.8951
0.9069
0.9401
0.9635
1.0026
1.0417
1.073
1.0964
1.1121
1.1297
1.1375
1.1473
1.1473
1.1434
1.1492
1.159
1.1649
1.1766
1.1805
1.1746
1.1707
1.1551
1.1277
1.0847
1.0359
0.9792
0.9401
0.9127
0.8912
0.858
0.8209
0.7857
0.7564
0.729
0.7036
0.6723
0.6469
0.6235
0.6039
0.5942
0.5922
0.6078
0.6508
0.7056
0.7525
0.7896
0.8267
0.86
0.8854
0.9049
0.9264
0.942
0.9538
0.9655
0.9772
0.9968
1.0144
1.0202
1.0144
0.9968
0.9655
0.9342
0.903
0.8736
0.8443
0.8248
0.8189
0.8287
0.8345
0.8365
0.8482
0.8697
0.8912
0.9108
0.9264
0.942
0.9479
0.946
0.9303
0.9088
0.8873
0.8697
0.8541
0.8385
0.8306
0.8326
0.8424
0.8619
0.8912
0.9205
0.944
0.9675
0.9792
0.985
0.989
0.989
0.9694
0.9538
0.9499
0.944
0.9518
0.9655
0.985
0.9948
1.0026
1.0046
0.9987
0.989
0.9831
0.985
0.985
0.989
0.9987
1.0124
1.0241
1.0222
1.0163
1.0065
1.0026
1.0202
1.0241
1.032
1.0398
1.0515
1.0632
1.071
1.0652
1.0515
1.0183
0.9831
0.9401
0.899
0.8697
0.8619
0.8619
0.8717
0.8815
0.8893
0.9049
0.9205
0.9303
0.944
0.9557
0.9714
0.9714
0.9753
0.9811
0.985
0.9929
0.985
0.9772
0.9655
0.9577
0.9538
0.9538
0.9635
0.9772
0.9733
0.9694
0.9557
0.9381
0.9205
0.8971
0.8756
0.8678
0.8717
0.8834
0.9108
0.9323
0.9499
0.9479
0.9342
0.9284
0.9264
0.9264
0.9186
0.9088
0.9088
0.9225
0.944
0.9694
0.985
0.9987
1.0026
1.0261
1.0359
1.032
1.03
1.0163
1.0065
1.0026
1.0026
0.989
0.9675
0.9381
0.8932
0.8404
0.7935
0.7486
0.7329
0.729
0.7466
0.7446
0.7583
0.7935
0.8287
0.8639
0.9069
0.9596
1.0124
1.0515
1.0867
1.1277
1.1551
1.1629
1.157
1.1297
1.0925
1.0554
1.0105
0.9772
0.9401
0.8932
0.8502
0.8326
0.8267
0.8033
0.7896
0.7818
0.772
0.7759
0.7798
0.7779
0.7681
0.7583
0.7505
0.7525
0.7544
0.7661
0.7955
0.8404
0.9049
0.9635
1.0163
1.0495
1.0613
1.0534
1.0202
0.9733
0.9264
0.8736
0.8189
0.7837
0.772
0.7837
0.8052
0.8345
0.8658
0.901
0.9225
0.946
0.9694
0.985
0.9948
0.9987
1.0046
1.0163
1.0261
1.032
1.0359
1.03
1.0085
0.9675
0.9147
0.8639
0.817
0.7916
0.7955
0.8189
0.8443
0.8697
0.899
0.9225
0.9205
0.985
1.0339
1.0495
1.0534
1.0671
1.0847
1.0964
1.0964
1.0925
1.0847
1.0515
1.0163
0.989
0.9675
0.9616
0.9518
0.944
0.946
0.9499
0.9616
0.9753
0.987
0.9948
0.9987
1.0007
1.0065
1.0261
1.0476
1.0749
1.0945
1.1004
1.0964
1.0906
1.0828
1.0593
1.028
0.9909
0.946
0.9088
0.8795
0.8521
0.8404
0.8287
0.8287
0.8424
0.8639
0.8697
0.8736
0.8795
0.8815
0.8775
0.8658
0.8385
0.8033
0.7779
0.7622
0.7583
0.7779
0.7955
0.8131
0.8209
0.8385
0.8521
0.86
0.8541
0.8443
0.8365
0.8365
0.8345
0.8209
0.8033
0.7759
0.731
0.686
0.6489
0.6293
0.6332
0.6626
0.7016
0.7603
0.8267
0.8932
0.9616
1.0261
1.0769
1.114
1.1394
1.159
1.1629
1.1394
1.1082
1.0808
1.0671
1.0574
1.0593
1.071
1.0906
1.116
1.1414
1.1649
1.1805
1.1805
1.1609
1.116
1.0574
1.0124
0.9753
0.946
0.9147
0.8854
0.8678
0.8482
0.8345
0.8111
0.7916
0.7779
0.7759
0.7818
0.7857
0.7935
0.8091
0.8091
0.8013
0.7896
0.7876
0.8052
0.8306
0.8248
0.8228
0.8228
0.8404
0.858
0.858
0.8326
0.7759
0.7192
0.6782
0.6606
0.6684
0.7075
0.772
0.8463
0.9166
0.9811
1.0828
1.1316
1.071
0.9694
0.8482
0.7407
0.6547
0.5981
0.5668
0.5336
0.5101
0.4906
0.473
0.4437
0.4163
0.4085
0.4241
0.4632
0.5218
0.5902
0.6528
0.7114
0.7681
0.8228
0.8717
0.9108
0.9323
0.9303
0.9147
0.8834
0.8541
0.8287
0.7876
0.7407
0.7134
0.7056
0.7212
0.7779
0.8287
0.8639
0.86
0.8385
0.7544
0.6723
0.6254
0.6313
0.6684
0.6938
0.6958
0.6782
0.6372
0.5746
0.4964
0.4222
0.3753
0.3811
0.4241
0.5062
0.5824
0.6313
0.6841
0.7349
0.7857
0.8326
0.8756
0.9127
0.942
0.9596
0.9577
0.9401
0.9342
0.9342
0.9401
0.9518
0.9577
0.9655
0.9675
0.9792
0.9772
0.9616
0.9342
0.8932
0.8345
0.7759
0.7192
0.6782
0.6411
0.6078
0.5785
0.5727
0.5883
0.6235
0.6762
0.7231
0.7681
0.8072
0.8345
0.8541
0.8639
0.86
0.8463
0.8189
0.7876
0.7525
0.7271
0.6997
0.6762
0.6645
0.6587
0.6587
0.6626
0.6665
0.6665
0.6665
0.6606
0.6469
0.6352
0.6332
0.6469
0.6743
0.6997
0.7095
0.7056
0.6919
0.6743
0.6645
0.6645
0.6782
0.7036
0.7427
0.7896
0.8326
0.8502
0.8385
0.815
0.7876
0.774
0.774
0.7818
0.7955
0.8131
0.8463
0.8834
0.9108
0.9284
0.9284
0.9264
0.9127
0.8971
0.8834
0.8775
0.8619
0.8541
0.8404
0.8287
0.8091
0.7955
0.7837
0.774
0.7681
0.7759
0.7935
0.8131
0.8326
0.8267
0.8111
0.7994
0.7857
0.7759
0.7544
0.7231
0.6919
0.6704
0.6528
0.6469
0.6645
0.7016
0.7466
0.7701
0.7759
0.7798
0.7837
0.7896
0.7857
0.7876
0.7876
0.7818
0.7661
0.7368
0.7134
0.7075
0.7251
0.7486
0.7818
0.8091
0.8209
0.8267
0.8228
0.8189
0.8091
0.8013
0.7916
0.7818
0.7622
0.7388
0.7134
0.6919
0.6762
0.6704
0.6547
0.6391
0.6274
0.6235
0.6352
0.6508
0.6743
0.6938
0.7036
0.7095
0.7134
0.7251
0.7329
0.7486
0.7642
0.7701
0.7642
0.7622
0.7642
0.7642
0.7583
0.7407
0.7134
0.6958
0.6899
0.7016
0.729
0.7681
0.8091
0.858
0.8834
0.899
0.8854
0.8658
0.8482
0.8463
0.8521
0.8639
0.86
0.8385
0.7876
0.7192
0.6547
0.6157
0.602
0.6098
0.6313
0.6704
0.6919
0.688
0.6704
0.6547
0.6372
0.6352
0.6313
0.6176
0.602
0.5863
0.5687
0.5531
0.5531
0.5844
0.6391
0.7231
0.8131
0.899
0.9596
0.9987
1.0124
1.0163
1.0105
0.9968
0.985
0.9811
0.9753
0.9714
0.9694
0.9577
0.946
0.9381
0.9245
0.9108
0.8932
0.8717
0.8424
0.8111
0.7896
0.7661
0.7446
0.7271
0.6997
0.6801
0.6665
0.6723
0.6841
0.6997
0.7212
0.7446
0.774
0.7974
0.815
0.8365
0.8521
0.8619
0.8658
0.8775
0.8893
0.8932
0.8873
0.8795
0.8736
0.8619
0.8482
0.8306
0.8111
0.7994
0.7935
0.7857
0.7876
0.7916
0.7955
0.7955
0.7994
0.7994
0.7916
0.7916
0.8033
0.8228
0.8424
0.856
0.8717
0.8815
0.8756
0.8678
0.8541
0.8404
0.8306
0.8248
0.8072
0.7916
0.774
0.7681
0.7681
0.7837
0.7935
0.8072
0.8131
0.8111
0.8189
0.8267
0.8365
0.8345
0.8365
0.8326
0.8326
0.8228
0.8013
0.7759
0.7486
0.7329
0.7212
0.7212
0.7271
0.7349
0.7544
0.7798
0.8052
0.8287
0.8463
0.8658
0.8795
0.8932
0.9127
0.9381
0.9596
0.9792
0.9909
0.9968
1.0007
0.9929
0.987
0.9635
0.9381
0.9127
0.9108
0.9166
0.9303
0.9362
0.9381
0.9499
0.9616
0.9772
0.9929
1.0026
1.0046
0.9968
0.9831
0.9616
0.9362
0.899
0.8541
0.817
0.7994
0.7837
0.7622
0.7486
0.7544
0.7564
0.7446
0.731
0.7192
0.7271
0.7525
0.7857
0.8365
0.8893
0.9362
0.9655
0.989
1.0046
1.0046
1.0007
0.9753
0.9557
0.9499
0.9499
0.9577
0.9714
0.989
1.0105
1.032
1.0378
1.0339
1.0202
1.0046
0.9987
0.9948
0.989
0.987
0.9753
0.946
0.9284
0.9166
0.9088
0.8912
0.8697
0.8756
0.8912
0.9127
0.9245
0.9303
0.9401
0.9499
0.9577
0.9655
0.9733
0.989
1.0085
1.0046
0.9792
0.9479
0.9225
0.901
0.8815
0.8619
0.8463
0.8404
0.8502
0.8756
0.9108
0.9323
0.946
0.9596
0.987
1.0183
1.0359
1.0417
1.0339
1.0144
0.9909
0.9792
0.9616
0.942
0.9166
0.8893
0.8619
0.8267
0.8052
0.7955
0.7994
0.8131
0.8209
0.8189
0.8306
0.8424
0.8658
0.8893
0.9069
0.9205
0.9381
0.9518
0.9675
0.9675
0.9616
0.9518
0.946
0.942
0.9381
0.9401
0.9381
0.9401
0.944
0.9381
0.9245
0.9069
0.8893
0.8697
0.86
0.8521
0.8502
0.8463
0.8541
0.8736
0.899
0.9147
0.9166
0.9186
0.9186
0.9264
0.9303
0.9401
0.946
0.9479
0.9557
0.9616
0.9675
0.9675
0.9518
0.9362
0.8951
0.8463
0.8052
0.7818
0.7661
0.7661
0.772
0.7798
0.7857
0.7916
0.817
0.86
0.9088
0.9264
0.9323
0.9401
0.9596
0.9753
0.9733
0.9694
0.9616
0.9303
0.8854
0.8365
0.8013
0.772
0.7661
0.7935
0.8365
0.8717
0.8951
0.9088
0.9284
0.9264
0.9166
0.9127
0.9108
0.9166
0.9284
0.9577
1.0105
1.073
1.1355
1.1883
1.2235
1.2333
1.2235
1.2039
1.1727
1.1414
1.1101
1.0769
1.0359
0.9909
0.9518
0.9264
0.9049
0.8815
0.8678
0.8775
0.8912
0.8971
0.9245
0.9733
1.0417
1.0984
1.1375
1.1512
1.1219
1.0534
0.9635
0.8717
0.7759
0.688
0.6196
0.5824
0.5766
0.6078
0.6665
0.7271
0.7837
0.8697
0.944
1.0183
1.0945
1.1492
1.1727
1.1629
1.1199
1.0417
0.9616
0.8697
0.7701
0.686
0.6372
0.6098
0.6137
0.6196
0.6176
0.6215
0.6469
0.7016
0.7505
0.774
0.7837
0.7935
0.8033
0.8111
0.7916
0.7525
0.7212
0.7114
0.729
0.772
0.8228
0.8697
0.9088
0.9499
0.9772
0.9909
0.9968
1.0046
1.0065
1.028
1.073
1.1453
1.2157
1.2587
1.2528
1.2137
1.1629
1.1062
1.0554
1.0105
0.9596
0.9088
0.8482
0.8072
0.7779
0.7759
0.7759
0.7681
0.7701
0.7798
0.7994
0.815
0.8287
0.8209
0.8072
0.7935
0.772
0.7505
0.7505
0.7407
0.7427
0.7525
0.7388
0.7388
0.7251
0.6919
0.6587
0.643
0.6391
0.6254
0.6078
0.5942
0.5883
0.5922
0.5961
0.5942
0.5785
0.5336
0.471
0.4085
0.3557
0.3225
0.3147
0.3616
0.4378
0.5199
0.5981
0.6704
0.731
0.7798
0.8131
0.8424
0.8541
0.86
0.8736
0.8795
0.8854
0.8619
0.8091
0.7642
0.731
0.7134
0.7114
0.7095
0.7388
0.7779
0.8306
0.8678
0.8951
0.8873
0.8482
0.7876
0.7329
0.6938
0.6801
0.6821
0.6919
0.6958
0.6919
0.688
0.7016
0.7036
0.6997
0.6997
0.7212
0.7544
0.7994
0.8345
0.856
0.8541
0.8326
0.7974
0.7681
0.7486
0.7466
0.7583
0.7603
0.7486
0.7368
0.7368
0.7564
0.7779
0.7857
0.7779
0.7564
0.7349
0.7173
0.7153
0.729
0.7486
0.7681
0.7798
0.8091
0.8326
0.8463
0.8541
0.86
0.858
0.8658
0.8854
0.9108
0.9479
0.987
1.0398
1.0847
1.1062
1.073
1.028
0.9772
0.9205
0.8541
0.7837
0.7251
0.6801
0.6508
0.6489
0.6587
0.6567
0.6606
0.6762
0.6899
0.7173
0.7446
0.7642
0.7759
0.7955
0.7974
0.7818
0.7505
0.729
0.7231
0.7329
0.7486
0.7622
0.7896
0.8111
0.8267
0.8248
0.8326
0.8443
0.8658
0.901
0.9362
0.9635
0.9929
1.0183
1.0437
1.071
1.0867
1.0945
1.0847
1.0671
1.0495
1.0163
0.985
0.9577
0.9401
0.9362
0.9323
0.9225
0.9069
0.901
0.9049
0.9049
0.8971
0.8893
0.8834
0.8815
0.8775
0.8736
0.8854
0.8893
0.8893
0.8912
0.9069
0.9147
0.9303
0.9557
0.9733
0.985
1.0065
1.0339
1.0574
1.0749
1.0769
1.0691
1.0534
1.0261
0.9948
0.9577
0.9303
0.9049
0.8775
0.8502
0.8424
0.8482
0.8775
0.9049
0.9381
0.985
1.0437
1.0789
1.0847
1.0867
1.0867
1.0847
1.0828
1.0789
1.0652
1.0339
0.9929
0.9733
0.9479
0.9225
0.8854
0.8639
0.8424
0.8306
0.8091
0.7876
0.7622
0.7544
0.7759
0.8131
0.856
0.8932
0.9205
0.9401
0.9518
0.9694
0.9733
0.9733
0.9733
0.9792
0.9811
0.9675
0.9479
0.9166
0.8854
0.858
0.8521
0.8639
0.8658
0.8502
0.8365
0.8541
0.8815
0.9108
0.9362
0.946
0.9538
0.9655
0.9831
0.9968
0.9909
0.9733
0.9499
0.9479
0.9518
0.9557
0.9577
0.9596
0.9635
0.9655
0.9733
0.9831
0.9772
0.942
0.8834
0.8365
0.7935
0.7622
0.7349
0.7095
0.6958
0.6919
0.6997
0.7134
0.7407
0.772
0.8072
0.8541
0.9049
0.944
0.9635
0.9675
0.9753
0.9733
0.9733
0.9714
0.9596
0.9381
0.8971
0.858
0.8267
0.8091
0.7896
0.7661
0.7407
0.7114
0.6977
0.6997
0.7114
0.7271
0.7446
0.7525
0.7681
0.7779
0.7876
0.8033
0.8267
0.8521
0.8775
0.9088
0.9518
0.9929
1.0261
1.032
1.0124
0.9753
0.9284
0.8756
0.8091
0.7564
0.731
0.7231
0.7329
0.7271
0.7192
0.7231
0.7173
0.729
0.7525
0.7974
0.8404
0.86
0.8912
0.9381
0.9948
1.0378
1.071
1.0906
1.0984
1.0964
1.0886
1.0749
1.0476
1.0222
0.9968
0.9968
1.0144
1.0378
1.0652
1.0925
1.114
1.1101
1.0945
1.071
1.0515
1.0456
1.0554
1.0593
1.0691
1.1004
1.1414
1.1668
1.1766
1.157
1.1238
1.0749
1.0202
0.9518
0.8951
0.8463
0.8091
0.7837
0.7681
0.7622
0.774
0.7876
0.8131
0.8463
0.8815
0.9205
0.9499
0.9909
1.0144
1.0339
1.0378
1.032
1.0065
0.9792
0.9616
0.944
0.9381
0.9401
0.9401
0.9186
0.8815
0.8404
0.8072
0.7701
0.7427
0.7173
0.6919
0.688
0.686
0.6841
0.6704
0.6606
0.6762
0.7192
0.7818
0.8482
0.8893
0.9049
0.9088
0.9127
0.901
0.8795
0.8502
0.8248
0.7955
0.7701
0.7583
0.7642
0.7798
0.8091
0.8424
0.8795
0.9147
0.9596
1.0144
1.0652
1.1004
1.1062
1.1082
1.0964
1.0984
1.1023
1.1101
1.0984
1.0789
1.0417
0.9987
0.944
0.8932
0.8502
0.8091
0.7681
0.7212
0.6821
0.6547
0.6508
0.6587
0.6645
0.6606
0.6508
0.6547
0.6801
0.7349
0.7896
0.8267
0.8404
0.8404
0.8854
0.8678
0.8619
0.8639
0.856
0.8306
0.7857
0.7153
0.6606
0.5942
0.5199
0.4554
0.4065
0.3811
0.3831
0.4261
0.5062
0.6117
0.7173
0.7974
0.8658
0.9264
0.9792
1.0105
1.0105
0.9948
0.9479
0.8775
0.7896
0.7016
0.6313
0.559
0.5199
0.514
0.5394
0.6039
0.6938
0.7876
0.8756
0.9616
1.032
1.0613
1.0437
0.9929
0.9362
0.8815
0.8287
0.7935
0.7798
0.7916
0.8091
0.8189
0.817
0.7994
0.7876
0.7661
0.7505
0.7388
0.7329
0.7271
0.7329
0.7622
0.7974
0.817
0.8189
0.8091
0.7935
0.7857
0.7798
0.772
0.7681
0.7681
0.7681
0.7701
0.7701
0.729
0.6723
0.6391
0.6391
0.6762
0.7388
0.8072
0.8815
0.9381
0.9733
0.9811
0.9596
0.9264
0.8815
0.8267
0.7681
0.7153
0.6704
0.6411
0.6313
0.6352
0.645
0.6665
0.7056
0.7544
0.817
0.8521
0.8658
0.8658
0.856
0.8482
0.8326
0.8267
0.8326
0.8502
0.8717
0.8834
0.8971
0.9186
0.9342
0.9401
0.9499
0.9753
1.0065
1.0417
1.0593
1.0671
1.0574
1.03
0.9987
0.9616
0.9245
0.899
0.8932
0.9069
0.9166
0.9303
0.946
0.9811
1.0261
1.0691
1.0886
1.0886
1.0691
1.032
0.9753
0.9147
0.8717
0.8463
0.8463
0.8678
0.8854
0.9166
0.9538
0.9968
1.0241
1.0398
1.0456
1.0339
1.0183
1.0124
1.0105
0.9987
0.9753
0.9499
0.9362
0.9323
0.9381
0.942
0.9362
0.9264
0.9108
0.903
0.9069
0.9166
0.9147
0.9127
0.9186
0.9205
0.9303
0.9362
0.944
0.9479
0.9381
0.9303
0.9166
0.8873
0.8424
0.7857
0.7427
0.7212
0.729
0.7642
0.8131
0.8697
0.9401
1.0261
1.1023
1.1551
1.1864
1.2078
1.2137
1.1942
1.1355
1.0515
0.9733
0.8951
0.8209
0.7525
0.7016
0.6684
0.6489
0.6606
0.6997
0.7583
0.8424
0.942
1.0515
1.1688
1.2684
1.3427
1.3877
1.4053
1.3935
1.3623
1.2997
1.2078
1.0984
0.9811
0.8756
0.7857
0.729
0.6938
0.6684
0.6665
0.6841
0.7153
0.7622
0.8189
0.8795
0.9205
0.9264
0.9205
0.9401
0.9675
0.9753
0.9557
0.9342
0.9205
0.9245
0.9303
0.9401
0.942
0.9381
0.9284
0.9264
0.9342
0.9381
0.9518
0.9577
0.9616
0.9753
0.985
0.9811
0.9499
0.8971
0.8463
0.8091
0.7876
0.774
0.7583
0.7525
0.7661
0.7916
0.8287
0.8619
0.8951
0.9303
0.9557
0.9557
0.946
0.9323
0.9147
0.9049
0.901
0.8932
0.8736
0.8541
0.8424
0.8385
0.8404
0.8404
0.8248
0.8033
0.7837
0.774
0.7857
0.8131
0.858
0.901
0.9362
0.9518
0.9596
0.9714
0.9929
0.9909
0.9792
0.9635
0.9616
0.9596
0.9596
0.9499
0.9479
0.9675
0.9772
0.9792
0.9811
0.9811
0.9831
0.987
1.0085
1.0261
1.0437
1.0749
1.1179
1.1414
1.1512
1.1492
1.1414
1.1277
1.1277
1.1219
1.1082
1.0847
1.0456
0.9811
0.9205
0.8834
0.8521
0.8326
0.815
0.8072
0.8033
0.8111
0.8209
0.8345
0.8541
0.8658
0.8756
0.8834
0.901
0.9362
0.9792
1.0339
1.0945
1.1394
1.1649
1.1649
1.1355
1.0749
0.9948
0.9088
0.8365
0.7857
0.7622
0.7564
0.7525
0.7407
0.729
0.7329
0.7446
0.7681
0.8091
0.8463
0.899
0.9479
1.0065
1.0613
1.1101
1.1649
1.2118
1.2567
1.288
1.2899
1.2763
1.2313
1.1688
1.0984
1.03
0.9733
0.946
0.9205
0.903
0.8756
0.8443
0.8326
0.8326
0.8385
0.8502
0.8619
0.8873
0.9303
0.9811
1.0124
1.0144
0.9987
0.9655
0.9245
0.8697
0.8013
0.7427
0.6821
0.6313
0.5961
0.5844
0.6
0.6157
0.6372
0.6626
0.7153
0.7857
0.856
0.9264
0.985
1.0417
1.1043
1.1512
1.1766
1.1785
1.1824
1.1668
1.1316
1.0867
1.0554
1.0554
1.0652
1.071
1.0515
1.0202
0.9831
0.9596
0.9303
0.8795
0.8306
0.7837
0.7368
0.7056
0.7056
0.7388
0.7857
0.8189
0.8482
0.8619
0.8775
0.8873
0.8736
0.8482
0.8091
0.774
0.7329
0.6919
0.6469
0.6
0.5551
0.5257
0.4906
0.4612
0.4495
0.4554
0.4945
0.5551
0.6391
0.731
0.8072
0.8639
0.9069
0.9205
0.9186
0.9284
0.9479
0.9499
0.9264
0.8893
0.8678
0.8795
0.9088
0.946
0.989
1.0437
1.0808
1.1023
1.1101
1.1238
1.1238
1.1023
1.0652
1.0105
0.9577
0.9088
0.8443
0.7759
0.7173
0.6762
0.6528
0.6372
0.6332
0.6391
0.6489
0.6547
0.6372
0.6176
0.6117
0.6293
0.6567
0.6841
0.7153
0.7544
0.7935
0.8248
0.8482
0.858
0.8658
0.8658
0.8639
0.8717
0.899
0.9401
0.987
1.0144
1.03
1.0261
1.0183
1.0046
0.9753
0.944
0.9205
0.903
0.8932
0.8893
0.8697
0.8228
0.7798
0.7427
0.7095
0.6587
0.5961
0.5355
0.4964
0.4984
0.5336
0.5902
0.6391
0.6743
0.7173
0.7544
0.7974
0.8189
0.8189
0.8033
0.7857
0.772
0.7759
0.7994
0.8404
0.8815
0.9205
0.9499
0.9753
0.987
0.9772
0.9557
0.942
0.9245
0.9264
0.9479
0.9811
1.0124
1.0359
1.0574
1.0769
1.114
1.1531
1.157
1.1258
1.0828
1.0534
1.03
1.0202
1.0105
0.989
0.9635
0.9381
0.9147
0.8951
0.8736
0.8482
0.8131
0.7896
0.7837
0.7994
0.8326
0.8678
0.8912
0.9205
0.9577
1.0007
1.0398
1.0808
1.0964
1.0925
1.0789
1.0613
1.0339
1.0007
0.9694
0.9381
0.9264
0.9303
0.9303
0.9284
0.9401
0.9557
0.9792
1.0105
1.0495
1.0886
1.1355
1.1668
1.1688
1.159
1.1316
1.0925
1.0593
1.0183
0.9694
0.9362
0.9245
0.9186
0.903
0.8873
0.8775
0.8775
0.8815
0.8893
0.8971
0.9166
0.9596
0.9792
0.9909
0.9753
0.9518
0.903
0.856
0.8052
0.7759
0.7681
0.7857
0.8189
0.8658
0.9186
0.942
0.9401
0.9401
0.9303
0.9127
0.8912
0.8854
0.8834
0.8775
0.8815
0.8893
0.9069
0.9108
0.8971
0.8756
0.8717
0.8678
0.856
0.8345
0.8131
0.8209
0.856
0.9088
0.9616
1.0065
1.0417
1.0769
1.0945
1.0945
1.0964
1.1121
1.1121
1.0847
1.0417
0.987
0.942
0.8951
0.8697
0.8756
0.8971
0.9264
0.9538
0.9733
0.9792
0.989
1.0046
1.0261
1.0495
1.0749
1.1023
1.1082
1.1023
1.0964
1.0984
1.0906
1.0593
1.0144
0.9655
0.9323
0.9205
0.9205
0.946
0.9792
1.0163
1.0495
1.0769
1.0925
1.0925
1.0867
1.0671
1.0476
1.0339
0.9948
0.946
0.8893
0.8463
0.8267
0.8033
0.7779
0.7681
0.7564
0.7564
0.7857
0.8345
0.8873
0.9362
0.9616
0.9792
0.987
0.987
0.9909
0.985
0.9831
0.9772
0.9518
0.9069
0.8717
0.8502
0.8463
0.8287
0.8131
0.7974
0.7955
0.8131
0.8424
0.8756
0.8971
0.901
0.9127
0.9245
0.9342
0.9381
0.9284
0.9108
0.8951
0.8873
0.8834
0.8932
0.9049
0.9088
0.901
0.8893
0.8834
0.8756
0.8678
0.8541
0.8385
0.8404
0.8697
0.9069
0.9284
0.946
0.9499
0.946
0.9362
0.9342
0.9401
0.944
0.946
0.9557
0.9948
1.0456
1.114
1.1688
1.2137
1.245
1.2567
1.2665
1.2528
1.2254
1.1961
1.1649
1.1336
1.1121
1.0945
1.0906
1.0945
1.1062
1.1043
1.0886
1.0691
1.0534
1.0476
1.03
0.9948
0.9675
0.9401
0.9225
0.899
0.8717
0.8424
0.8091
0.7837
0.7661
0.7681
0.7857
0.8091
0.8365
0.856
0.8815
0.9069
0.9342
0.9655
1.0046
1.0359
1.0554
1.0613
1.0554
1.0437
1.03
1.0105
1.0065
1.0163
1.03
1.0476
1.0886
1.1316
1.1668
1.1883
1.2098
1.2196
1.2293
1.2333
1.2196
1.202
1.1649
1.1258
1.0808
1.0398
1.0065
0.9929
0.9929
1.0105
1.0339
1.0515
1.0593
1.0769
1.0867
1.1062
1.1179
1.1023
1.0652
1.0261
0.9948
0.9635
0.9323
0.8815
0.8111
0.7407
0.6841
0.643
0.6254
0.6235
0.6157
0.6157
0.6332
0.6665
0.7192
0.7857
0.8541
0.9127
0.9381
0.9225
0.8893
0.8619
0.8385
0.8111
0.7876
0.774
0.772
0.7857
0.8111
0.8639
0.942
1.0202
1.0847
1.1355
1.1864
1.2235
1.243
1.2254
1.1707
1.1082
1.0515
0.9909
0.9205
0.8482
0.7876
0.7466
0.7212
0.7095
0.7153
0.7388
0.772
0.8052
0.8267
0.8209
0.817
0.817
0.8228
0.8443
0.8815
0.9088
0.9538
0.9909
1.0339
1.0124
0.9342
0.8287
0.7251
0.645
0.6157
0.6332
0.6899
0.7622
0.8228
0.8482
0.86
0.8463
0.8013
0.731
0.6665
0.6293
0.6215
0.6352
0.6469
0.6391
0.5902
0.5453
0.516
0.5101
0.5375
0.5844
0.6567
0.7525
0.8619
0.946
1.0007
1.0241
1.0222
0.9987
0.9694
0.9323
0.9069
0.8795
0.8678
0.8619
0.8463
0.8189
0.8052
0.8091
0.8267
0.8424
0.8541
0.8521
0.8463
0.8443
0.8658
0.8873
0.899
0.8932
0.8717
0.856
0.8404
0.8228
0.8189
0.8189
0.8345
0.856
0.8697
0.8658
0.86
0.8619
0.8463
0.817
0.7818
0.7525
0.7329
0.7212
0.7153
0.7192
0.7251
0.7368
0.7505
0.7642
0.774
0.7818
0.8072
0.8345
0.8502
0.8521
0.856
0.8815
0.9069
0.946
0.9909
1.0222
1.0515
1.0828
1.114
1.1355
1.1492
1.1551
1.1668
1.157
1.1179
1.0632
1.0124
0.9753
0.9342
0.903
0.8756
0.8639
0.86
0.86
0.8697
0.8658
0.8678
0.8619
0.8717
0.8951
0.9049
0.8893
0.86
0.8404
0.8424
0.8482
0.858
0.8697
0.8873
0.9069
0.9166
0.9245
0.9303
0.9362
0.9401
0.9596
0.9948
1.0261
1.0398
1.0593
1.0847
1.1179
1.157
1.202
1.2411
1.2743
1.3017
1.3193
1.3329
1.3251
1.3153
1.3075
1.2919
1.2606
1.2235
1.1805
1.1336
1.0828
1.0359
0.9929
0.942
0.899
0.8775
0.8912
0.9225
0.9342
0.9362
0.9381
0.9362
0.9342
0.9284
0.9166
0.8951
0.8893
0.8854
0.8951
0.9108
0.9342
0.9362
0.9049
0.8678
0.8443
0.8189
0.7935
0.7759
0.7779
0.7994
0.8404
0.903
0.9557
0.9929
1.0202
1.0534
1.0867
1.0964
1.1004
1.0925
1.0769
1.0613
1.0359
1.0085
0.9792
0.9538
0.946
0.944
0.9245
0.8893
0.8815
0.899
0.9225
0.9401
0.9538
0.9557
0.9499
0.9596
0.987
1.0261
1.0515
1.071
1.0847
1.1004
1.0789
1.0456
1.0144
0.9929
0.9772
0.9557
0.9225
0.9049
0.903
0.9264
0.9499
0.9733
0.9733
0.9714
0.9714
0.9772
0.9831
0.9733
0.9655
0.9616
0.9596
0.9792
1.0163
1.0456
1.0652
1.0691
1.0691
1.0691
1.0574
1.0241
0.9929
0.9714
0.9596
0.9479
0.9284
0.8912
0.8619
0.8502
0.8502
0.8541
0.8697
0.8873
0.9127
0.944
0.9792
1.0085
1.0261
1.0417
1.0574
1.0632
1.0652
1.0437
1.0124
0.987
0.9733
0.9655
0.9479
0.9264
0.899
0.8834
0.8854
0.899
0.9166
0.9362
0.9577
0.9811
1.0105
1.0515
1.0906
1.1121
1.1101
1.0964
1.073
1.0574
1.0378
1.0144
0.9655
0.9049
0.8619
0.8345
0.815
0.7994
0.7994
0.8013
0.8091
0.8326
0.8619
0.8854
0.8932
0.901
0.9108
0.9205
0.9225
0.9147
0.8971
0.8951
0.9069
0.9401
0.9792
1.0144
1.03
1.0261
1.0065
0.987
0.9538
0.9303
0.9069
0.8932
0.8873
0.8893
0.8834
0.8717
0.858
0.8482
0.8521
0.86
0.8658
0.8795
0.8795
0.8717
0.8639
0.8717
0.8736
0.8658
0.8443
0.8326
0.8404
0.8717
0.9127
0.9342
0.9596
0.9968
1.0398
1.0652
1.0691
1.0632
1.0632
1.0671
1.0749
1.0554
1.0359
1.0144
1.0026
0.9968
0.9968
1.0026
0.9987
0.9968
1.0105
1.0222
1.0222
1.0261
1.0613
1.0945
1.1082
1.0945
1.071
1.0378
1.0124
0.9772
0.9284
0.8717
0.8326
0.8131
0.7935
0.7603
0.7212
0.6938
0.6997
0.7153
0.7368
0.7701
0.7955
0.817
0.8502
0.899
0.9401
0.9655
0.987
0.989
0.985
0.9635
0.9362
0.8951
0.8385
0.774
0.7153
0.6704
0.6508
0.6704
0.7095
0.7505
0.7779
0.7896
0.7974
0.817
0.8385
0.8717
0.9147
0.9753
1.0437
1.1258
1.1942
1.2528
1.2899
1.3017
1.2938
1.2587
1.2215
1.1844
1.1512
1.1277
1.1062
1.0867
1.0671
1.03
0.9792
0.9342
0.8971
0.8912
0.9342
0.9987
1.0476
1.0534
1.0222
0.9596
0.8854
0.8228
0.7974
0.7896
0.7896
0.7935
0.8131
0.8463
0.8815
0.9127
0.9577
1.0046
1.0339
1.0476
1.0515
1.0456
1.028
0.989
0.9166
0.8248
0.7466
0.688
0.6469
0.6235
0.6411
0.6782
0.729
0.7818
0.8326
0.8873
0.9127
0.9108
0.8873
0.8678
0.8502
0.8424
0.8326
0.8502
0.8893
0.8932
0.8756
0.86
0.8502
0.8424
0.8463
0.8775
0.9127
0.9342
0.942
0.9557
0.9733
0.985
0.9772
0.9694
0.9675
0.9753
0.9675
0.9694
0.9811
0.9909
1.0046
1.0222
1.0515
1.0613
1.0437
1.0163
1.0085
1.0183
1.0183
0.9616
0.8873
0.8209
0.7486
0.688
0.6508
0.6332
0.6196
0.6039
0.5766
0.5609
0.5551
0.5668
0.5844
0.5922
0.5805
0.5648
0.5609
0.5766
0.6157
0.6567
0.6977
0.7427
0.8033
0.8541
0.8775
0.8912
0.9186
0.9303
0.9127
0.8873
0.8697
0.8795
0.9069
0.9362
0.9538
0.9518
0.9342
0.9069
0.8658
0.8033
0.729
0.6801
0.6704
0.6801
0.7016
0.7271
0.7505
0.772
0.7818
0.7876
0.7681
0.7349
0.6919
0.6469
0.6059
0.5863
0.5805
0.5902
0.6157
0.6606
0.7407
0.8326
0.901
0.9401
0.9518
0.9596
0.9694
0.9753
0.9675
0.942
0.901
0.8619
0.8209
0.7642
0.6899
0.6274
0.5922
0.5844
0.5961
0.6254
0.6587
0.6919
0.7231
0.7446
0.7564
0.774
0.7857
0.7681
0.731
0.7016
0.688
0.6997
0.7427
0.7974
0.8482
0.899
0.9538
1.0144
1.0671
1.116
1.1375
1.1414
1.1414
1.1434
1.157
1.1649
1.1394
1.0847
1.0202
0.9577
0.903
0.8756
0.856
0.8482
0.8306
0.817
0.8072
0.8013
0.8013
0.7876
0.774
0.7622
0.7759
0.8111
0.8443
0.858
0.8502
0.8345
0.8287
0.8267
0.815
0.8052
0.8052
0.815
0.8189
0.8209
0.817
0.8111
0.815
0.8228
0.8385
0.8502
0.8736
0.8795
0.8541
0.8091
0.7622
0.7251
0.7134
0.7075
0.7153
0.7466
0.7916
0.8404
0.8932
0.9479
0.9909
1.0241
1.0476
1.0495
1.028
0.9909
0.9538
0.9186
0.8893
0.8678
0.8619
0.8854
0.9264
0.9714
1.0065
1.028
1.0398
1.0339
1.0105
0.9831
0.9557
0.9381
0.9381
0.944
0.9518
0.9675
0.9714
0.944
0.9049
0.8775
0.8639
0.8697
0.8795
0.8932
0.9225
0.9655
1.0046
1.0359
1.071
1.0984
1.1219
1.1355
1.1375
1.1238
1.1023
1.0828
1.073
1.0671
1.071
1.0886
1.1101
1.1101
1.1101
1.1101
1.1121
1.1179
1.1179
1.1101
1.0925
1.073
1.0632
1.0632
1.0691
1.0574
1.0261
0.9948
0.9753
0.9557
0.9323
0.901
0.8717
0.8424
0.8248
0.815
0.817
0.8287
0.8365
0.8502
0.856
0.8795
0.8951
0.9166
0.9205
0.9127
0.8873
0.8619
0.8404
0.8306
0.8248
0.8091
0.7759
0.7564
0.7505
0.7661
0.7935
0.8209
0.858
0.9147
0.9753
1.0241
1.0574
1.0769
1.0691
1.0554
1.0495
1.028
0.9792
0.9284
0.8893
0.8619
0.8248
0.7779
0.731
0.7095
0.7095
0.7349
0.7701
0.7994
0.8404
0.8971
0.9499
0.987
1.0085
1.0261
1.0476
1.0671
1.0769
1.0828
1.0925
1.1004
1.1101
1.0984
1.0749
1.0515
1.0378
1.032
1.032
1.032
1.03
1.0398
1.0574
1.0847
1.0964
1.0984
1.1004
1.0984
1.0574
0.9968
0.944
0.9166
0.9069
0.8912
0.8775
0.8658
0.8697
0.8932
0.9381
0.9831
1.0046
1.0261
1.0417
1.0534
1.0515
1.03
0.9987
0.9929
1.0144
1.0398
1.0476
1.0378
1.0085
0.9753
0.9323
0.901
0.8854
0.8951
0.9069
0.9245
0.9362
0.9479
0.9635
0.985
0.9968
1.0065
1.0007
0.9831
0.9596
0.9381
0.9284
0.9264
0.9186
0.9108
0.8971
0.8932
0.8775
0.8697
0.8639
0.8658
0.8775
0.8893
0.8815
0.8521
0.8365
0.8404
0.8619
0.8795
0.8893
0.8834
0.8795
0.8795
0.8912
0.903
0.9166
0.9166
0.9108
0.8873
0.8541
0.8287
0.8091
0.774
0.7173
0.6645
0.6352
0.6332
0.6372
0.643
0.6372
0.6332
0.6411
0.6665
0.6977
0.7271
0.7446
0.7505
0.7603
0.7896
0.815
0.8326
0.8365
0.8345
0.8267
0.8248
0.8228
0.8287
0.8287
0.8228
0.8072
0.7955
0.7955
0.817
0.8326
0.8463
0.858
0.8658
0.8756
0.8854
0.9088
0.9362
0.946
0.944
0.9538
0.9753
0.987
0.9792
0.9577
0.9381
0.9127
0.9088
0.9381
0.989
1.0378
1.071
1.0828
1.0749
1.0691
1.0671
1.0534
1.0222
0.985
0.9616
0.9557
0.9733
1.0105
1.0593
1.1043
1.1394
1.1668
1.1844
1.1864
1.1531
1.0945
1.03
0.9635
0.9108
0.8932
0.8951
0.9186
0.9538
1.0144
1.0632
1.0964
1.1004
1.073
1.0163
0.9401
0.8658
0.8111
0.7876
0.7974
0.8345
0.8834
0.9205
0.9479
0.9714
0.9811
0.9811
0.9811
0.987
1.0085
1.0378
1.0534
1.0613
1.0632
1.071
1.0554
1.0261
0.985
0.942
0.8912
0.8717
0.8717
0.8854
0.9108
0.9323
0.9538
0.9694
0.9909
1.0124
1.0183
1.0124
0.9909
0.9616
0.9186
0.8502
0.7818
0.7153
0.6723
0.6469
0.645
0.6645
0.7036
0.7388
0.7935
0.8521
0.9205
0.9714
0.9987
1.0105
0.9987
0.9499
0.8912
0.815
0.7544
0.7153
0.6919
0.6841
0.6762
0.6899
0.7056
0.7329
0.7935
0.86
0.8893
0.8736
0.858
0.8521
0.8541
0.86
0.899
0.9538
0.987
0.989
0.9792
0.9831
1.0241
1.0046
0.987
0.9362
0.8619
0.8033
0.774
0.7603
0.7427
0.7075
0.6587
0.6098
0.5863
0.602
0.6508
0.7095
0.7583
0.8189
0.901
0.989
1.0691
1.1277
1.1727
1.2196
1.2508
1.2059
1.1394
1.0613
0.9733
0.8873
0.8326
0.8013
0.7994
0.7779
0.7153
0.6469
0.6059
0.5942
0.6411
0.7251
0.8091
0.8521
0.8756
0.8678
0.8443
0.8052
0.7329
0.6547
0.5727
0.514
0.4964
0.4886
0.4886
0.4808
0.4749
0.4886
0.5433
0.6137
0.7036
0.7837
0.856
0.9147
0.9675
1.0105
1.0339
1.032
1.0202
0.9987
0.9733
0.9616
0.9557
0.9577
0.9733
1.0007
1.032
1.0515
1.0534
1.0495
1.0378
1.0222
0.9968
0.9557
0.903
0.8541
0.8189
0.7837
0.7349
0.6977
0.6684
0.6547
0.6508
0.6704
0.7056
0.7505
0.7916
0.7955
0.7916
0.7837
0.7779
0.7622
0.7486
0.7368
0.7466
0.7798
0.815
0.8521
0.8834
0.9069
0.9245
0.9127
0.899
0.8912
0.8873
0.8521
0.817
0.7779
0.7329
0.6938
0.6645
0.645
0.6469
0.6508
0.6469
0.6352
0.6313
0.6489
0.686
0.7212
0.7427
0.774
0.8248
0.903
0.9753
1.0339
1.0925
1.159
1.2293
1.2665
1.2665
1.2763
1.2763
1.2782
1.2723
1.2587
1.2489
1.2352
1.2254
1.2059
1.1864
1.1668
1.1609
1.1649
1.1805
1.1727
1.1551
1.1297
1.0945
1.0574
1.0085
0.9616
0.9303
0.8873
0.8463
0.8091
0.7818
0.7701
0.7661
0.7642
0.7544
0.7603
0.7701
0.7896
0.8091
0.8228
0.8365
0.8541
0.8756
0.9147
0.946
0.9772
1.0065
1.0378
1.0671
1.0867
1.1043
1.1336
1.159
1.1688
1.159
1.1316
1.1023
1.0671
1.032
0.9968
0.9694
0.946
0.942
0.9557
0.9714
0.9694
0.9596
0.9675
0.9714
0.9538
0.9205
0.8834
0.86
0.8521
0.8658
0.8854
0.903
0.9186
0.9518
0.9733
0.9714
0.9616
0.9596
0.9538
0.9557
0.9518
0.9557
0.9557
0.9675
0.9811
1.0085
1.0378
1.0613
1.0867
1.1043
1.1004
1.0749
1.0417
1.0163
0.9987
0.9811
0.9733
0.9694
0.9655
0.9655
0.9753
0.985
0.9929
0.9675
0.9381
0.9323
0.9538
0.9655
0.9772
0.9909
1.0124
1.0476
1.0925
1.1258
1.1394
1.1336
1.1199
1.114
1.0945
1.0515
1.0065
0.9655
0.9401
0.9088
0.8795
0.8619
0.8717
0.899
0.9381
0.9577
0.9518
0.9538
0.9714
0.9948
1.0007
0.9909
0.9792
0.9811
0.9948
0.9987
0.985
0.9596
0.9245
0.9069
0.901
0.9049
0.9069
0.899
0.901
0.9049
0.9245
0.9284
0.899
0.858
0.8326
0.815
0.7974
0.7661
0.7525
0.7466
0.7622
0.7935
0.8424
0.8951
0.9381
0.9694
0.9811
0.9929
1.0026
1.0124
1.0105
0.9909
0.9616
0.9401
0.9323
0.9362
0.9518
0.9675
0.9557
0.9323
0.9147
0.9088
0.899
0.8873
0.8619
0.8404
0.8287
0.8267
0.8404
0.8678
0.899
0.9127
0.9166
0.9342
0.9577
0.9792
0.9929
0.9948
0.9987
1.0007
1.0065
1.0124
1.0183
1.0163
1.0026
0.987
0.9753
0.9655
0.9557
0.944
0.9245
0.901
0.8795
0.8775
0.8854
0.8815
0.8756
0.8775
0.8951
0.9264
0.9362
0.9245
0.901
0.8815
0.8619
0.8521
0.8541
0.8678
0.8697
0.8482
0.8209
0.8248
0.8521
0.901
0.946
0.9714
0.9733
0.9635
0.9733
1.0124
1.0437
1.0437
1.0163
0.987
0.9811
0.9831
0.9792
0.9655
0.944
0.9323
0.9362
0.9538
0.9733
0.9772
0.9557
0.9284
0.9381
0.946
0.9538
0.9518
0.9538
0.9518
0.9635
0.9831
0.989
0.9772
0.9557
0.9342
0.9284
0.9284
0.9381
0.9518
0.9635
0.9714
0.987
0.989
0.9948
1.0105
1.0339
1.0613
1.0789
1.0945
1.0749
1.0495
1.0124
0.9616
0.9186
0.8854
0.8678
0.8717
0.8834
0.9069
0.9381
0.9694
0.9909
1.0163
1.0183
1.0085
1.0026
1.0105
1.0261
1.0476
1.0652
1.071
1.0574
1.0378
1.0339
1.0378
1.0515
1.0652
1.0671
1.0593
1.0261
0.9753
0.9342
0.8971
0.8639
0.8385
0.8209
0.8131
0.8091
0.8131
0.8228
0.8424
0.8697
0.9088
0.9479
0.9929
1.0398
1.0808
1.1277
1.1864
1.2391
1.2723
1.2743
1.2548
1.2039
1.1238
1.0378
0.9401
0.8502
0.772
0.7212
0.688
0.6645
0.6547
0.6547
0.6665
0.6704
0.6762
0.6938
0.7368
0.7955
0.8541
0.8951
0.9245
0.9499
0.9538
0.9401
0.9205
0.901
0.8854
0.856
0.8365
0.8228
0.8111
0.815
0.8326
0.8658
0.9264
0.987
1.0359
1.0476
1.0691
1.114
1.1707
1.2293
1.2508
1.2391
1.1629
1.071
0.9635
0.8697
0.7759
0.6704
0.5492
0.4456
0.387
0.385
0.4261
0.4632
0.4847
0.5082
0.5883
0.7016
0.8111
0.9127
1.0085
1.1219
1.1961
1.2235
1.2235
1.2137
1.1609
1.0749
0.9753
0.8736
0.7642
0.6547
0.557
0.4671
0.4046
0.3811
0.4065
0.4378
0.5121
0.643
0.8111
0.9968
1.1629
1.2841
1.2919
1.2313
1.157
1.0808
1.0046
0.9323
0.8736
0.8345
0.8052
0.7798
0.7525
0.7388
0.731
0.7388
0.774
0.8385
0.9049
0.9479
0.9733
0.9772
0.9675
0.9518
0.9381
0.9284
0.9147
0.899
0.8756
0.8482
0.815
0.7857
0.7466
0.7134
0.6958
0.6977
0.6997
0.6938
0.688
0.6899
0.6997
0.7134
0.7329
0.7446
0.7505
0.7564
0.772
0.7857
0.8013
0.8228
0.8463
0.86
0.856
0.8345
0.8013
0.7818
0.7798
0.7935
0.8091
0.8209
0.8365
0.8404
0.8404
0.8385
0.8365
0.8248
0.817
0.8111
0.8052
0.7955
0.7837
0.7642
0.7349
0.7153
0.7114
0.7368
0.7857
0.8189
0.8287
0.8248
0.8385
0.8775
0.9166
0.9381
0.9557
0.9792
1.0046
1.03
1.0378
1.0163
0.9792
0.9401
0.9166
0.9225
0.9381
0.9518
0.9714
0.9929
1.0359
1.0847
1.1473
1.2039
1.2508
1.2899
1.3388
1.3955
1.4443
1.4815
1.4932
1.5049
1.4991
1.4776
1.4443
1.4072
1.3759
1.3193
1.2489
1.1922
1.1551
1.1199
1.0828
1.0417
0.9909
0.944
0.8932
0.856
0.8189
0.7935
0.7642
0.7271
0.7036
0.6958
0.688
0.6801
0.6821
0.6919
0.7114
0.7446
0.7818
0.8228
0.8424
0.8678
0.9088
0.9499
0.9987
1.0359
1.0476
1.0574
1.0671
1.0886
1.114
1.1375
1.1473
1.1492
1.1512
1.1492
1.1375
1.1238
1.1043
1.0691
1.0398
1.0046
0.9733
0.9342
0.9108
0.9127
0.9166
0.9205
0.9069
0.9049
0.9342
0.9616
0.9596
0.9616
0.985
1.0007
0.9987
0.985
0.9733
0.9557
0.9518
0.9577
0.9694
0.989
1.0144
1.0163
0.985
0.9577
0.9303
0.9088
0.8951
0.8873
0.8873
0.899
0.9342
0.9714
0.9968
1.032
1.0632
1.071
1.0456
1.0085
0.9714
0.944
0.9186
0.899
0.8951
0.9127
0.9401
0.9714
1.0007
1.0026
0.9968
0.989
0.987
0.9577
0.9186
0.8932
0.8912
0.8951
0.8815
0.8541
0.8287
0.8228
0.8306
0.8482
0.8736
0.9186
0.9479
0.9635
0.9675
0.9772
0.9811
0.9929
1.0046
1.0124
1.0144
0.9987
0.9733
0.9518
0.9323
0.9088
0.8893
0.8658
0.8365
0.7994
0.7759
0.774
0.7994
0.8365
0.8815
0.9264
0.9733
1.0144
1.0417
1.0593
1.0652
1.071
1.0671
1.0378
0.9811
0.9284
0.8971
0.8795
0.8678
0.8521
0.8443
0.8619
0.8873
0.9323
0.987
1.0398
1.0886
1.116
1.1062
1.0691
1.0359
1.0065
0.9909
0.9733
0.9538
0.9342
0.9166
0.9127
0.9108
0.9127
0.9088
0.903
0.8834
0.8502
0.8267
0.8209
0.8345
0.8463
0.8541
0.8619
0.8736
0.8912
0.9049
0.9088
0.9108
0.901
0.8893
0.8639
0.8345
0.7994
0.7622
0.7329
0.6997
0.6704
0.643
0.6196
0.6078
0.6157
0.6489
0.688
0.7407
0.7876
0.8228
0.8345
0.8365
0.8424
0.8521
0.8678
0.8873
0.9108
0.8932
0.8756
0.8834
0.8834
0.8834
0.8502
0.7994
0.7544
0.7466
0.7544
0.7622
0.7779
0.8228
0.8756
0.903
0.9127
0.9342
0.9538
0.9714
0.9909
0.987
0.9675
0.9596
0.9557
0.9616
0.989
1.0241
1.0534
1.0749
1.0945
1.1121
1.1355
1.1668
1.1922
1.2196
1.2391
1.2723
1.2978
1.3173
1.3193
1.3056
1.2684
1.1961
1.1023
1.0124
0.9323
0.858
0.8033
0.7642
0.7505
0.7525
0.774
0.8013
0.8443
0.8971
0.9538
1.0222
1.0984
1.1551
1.1961
1.2157
1.2176
1.1961
1.1473
1.071
0.9753
0.8873
0.8287
0.7935
0.7798
0.7857
0.8111
0.8502
0.899
0.9499
0.9909
1.028
1.0593
1.0789
1.0964
1.1023
1.1062
1.1121
1.1062
1.0925
1.0769
1.0671
1.0593
1.0476
1.0261
0.9948
0.9694
0.942
0.9069
0.8795
0.8541
0.8287
0.7974
0.7603
0.7349
0.7231
0.7212
0.7134
0.7075
0.7095
0.7212
0.729
0.7329
0.7505
0.7798
0.8052
0.8033
0.8033
0.8267
0.8482
0.8424
0.8209
0.8091
0.8131
0.8306
0.8658
0.8873
0.8893
0.8736
0.8541
0.8619
0.8912
0.9264
0.944
0.9401
0.9381
0.9557
0.9948
1.0437
1.0828
1.1023
1.1121
1.1649
1.1824
1.1668
1.1414
1.1004
0.987
0.8756
0.7759
0.6977
0.6293
0.5766
0.559
0.5863
0.6332
0.6899
0.7583
0.8326
0.8951
0.9401
0.989
1.0398
1.0867
1.1297
1.1824
1.2157
1.2274
1.2196
1.1668
1.0984
1.0476
0.987
0.9088
0.817
0.7388
0.6469
0.5844
0.5355
0.4984
0.4827
0.4749
0.4534
0.4456
0.4593
0.4925
0.5277
0.5785
0.6215
0.6469
0.6587
0.6801
0.7114
0.7466
0.7955
0.8521
0.8912
0.9049
0.8873
0.8502
0.8013
0.7407
0.6899
0.6626
0.6469
0.6411
0.645
0.6782
0.7368
0.8091
0.8854
0.9616
1.0241
1.0886
1.1336
1.1668
1.1844
1.1883
1.1864
1.1668
1.1199
1.0476
0.9753
0.9049
0.8482
0.7876
0.7407
0.686
0.6293
0.5824
0.5609
0.5629
0.5805
0.5883
0.5942
0.5961
0.6078
0.6274
0.6567
0.6841
0.7212
0.7603
0.7974
0.8326
0.8658
0.899
0.9401
0.9929
1.0515
1.1043
1.1316
1.1316
1.1179
1.1121
1.1316
1.1649
1.1961
1.2333
1.2782
1.3271
1.3544
1.3466
1.2938
1.2215
1.1414
1.0652
0.9948
0.9323
0.86
0.7955
0.7622
0.7407
0.7192
0.7036
0.688
0.6743
0.6782
0.6958
0.7075
0.7212
0.729
0.7212
0.7271
0.7329
0.7466
0.7446
0.7622
0.7896
0.8345
0.8736
0.9147
0.9479
0.9909
1.03
1.0495
1.0398
1.0163
0.9772
0.9401
0.9127
0.9127
0.9127
0.9127
0.9166
0.9401
0.9733
1.0026
1.0105
0.9948
0.9733
0.9714
0.9772
0.9694
0.9557
0.9557
0.9635
0.989
1.0144
1.0339
1.0417
1.0632
1.0828
1.0808
1.0847
1.0867
1.0886
1.0964
1.1062
1.1297
1.1629
1.1805
1.1844
1.1883
1.1805
1.157
1.1179
1.073
1.0183
0.9714
0.9499
0.944
0.9381
0.9245
0.9069
0.86
0.8111
0.7681
0.7388
0.7134
0.7095
0.6958
0.6821
0.6958
0.731
0.7818
0.8248
0.8619
0.8951
0.9225
0.944
0.946
0.944
0.942
0.9499
0.9694
0.9929
1.0105
1.0222
1.0476
1.071
1.0789
1.073
1.0632
1.0515
1.0456
1.028
1.0202
1.0163
1.0359
1.0652
1.0828
1.0789
1.0613
1.0476
1.03
1.0026
0.9675
0.9342
0.9284
0.9479
0.9772
1.0065
1.0241
1.028
1.0222
1.0085
0.9714
0.9284
0.8932
0.8717
0.858
0.8463
0.8326
0.8209
0.8131
0.815
0.8443
0.8932
0.9577
1.0261
1.0632
1.0789
1.1004
1.1316
1.1531
1.1531
1.1434
1.1219
1.0906
1.071
1.0534
1.0437
1.028
1.0222
1.0065
0.9811
0.9303
0.8834
0.8385
0.7994
0.7525
0.6938
0.6587
0.6567
0.7036
0.7701
0.8306
0.8893
0.9323
0.9733
1.0105
1.0339
1.0554
1.0632
1.0495
1.0202
0.9733
0.9225
0.8678
0.8189
0.774
0.7114
0.6567
0.6098
0.602
0.6215
0.6313
0.6254
0.6274
0.6567
0.7173
0.7994
0.8854
0.9596
1.0222
1.0789
1.1277
1.1629
1.1609
1.1297
1.0867
1.0398
0.9909
0.9401
0.8932
0.8521
0.8131
0.7818
0.7622
0.7388
0.7173
0.7173
0.7251
0.7388
0.7583
0.7876
0.8209
0.8463
0.8658
0.8932
0.9264
0.9577
0.9831
0.9968
1.0007
0.9948
0.9811
0.9675
0.946
0.9225
0.8951
0.8541
0.7935
0.7368
0.7036
0.7036
0.7036
0.7153
0.7505
0.8013
0.8267
0.8267
0.8385
0.8639
0.9147
0.9596
0.9929
0.9929
0.9753
0.9635
0.9499
0.9264
0.8932
0.8658
0.8521
0.8424
0.8541
0.8815
0.9069
0.9225
0.9362
0.942
0.944
0.9499
0.9557
0.9675
0.9792
0.9948
1.0085
1.0222
1.0515
1.0652
1.0613
1.0574
1.0534
1.0632
1.0828
1.1004
1.116
1.1355
1.157
1.1707
1.1609
1.116
1.0398
0.9362
0.8326
0.731
0.645
0.5981
0.6
0.6391
0.6977
0.7525
0.7896
0.8072
0.815
0.8306
0.856
0.8775
0.8951
0.9108
0.9205
0.9362
0.9518
0.9733
0.9714
0.9694
0.9675
0.9733
0.985
0.9968
1.0085
1.0202
1.0476
1.073
1.0867
1.1004
1.1258
1.1453
1.159
1.1629
1.1531
1.1414
1.1219
1.1004
1.0691
1.0359
0.9968
0.9635
0.9323
0.9166
0.9049
0.903
0.8951
0.8736
0.8424
0.8131
0.7994
0.7935
0.7857
0.7701
0.772
0.7876
0.8287
0.8736
0.9186
0.9714
1.0124
1.0437
1.0652
1.1004
1.1355
1.1805
1.2157
1.2508
1.2763
1.2841
1.2528
1.2078
1.1512
1.0847
1.0144
0.946
0.8912
0.858
0.8502
0.8443
0.8248
0.8248
0.8424
0.856
0.8697
0.8775
0.8834
0.8893
0.9205
0.9616
1.0222
1.073
1.1062
1.0945
1.0574
1.0026
0.9186
0.8345
0.7759
0.6899
0.602
0.5179
0.471
0.4671
0.5003
0.5492
0.6039
0.6508
0.7016
0.7564
0.8189
0.8815
0.9362
0.9616
0.9733
0.9929
1.03
1.0574
1.0789
1.0847
1.071
1.0437
1.0046
0.9557
0.8893
0.815
0.7544
0.7056
0.686
0.6821
0.6919
0.7095
0.7192
0.7212
0.7134
0.7016
0.7075
0.7466
0.8033
0.8424
0.858
0.8834
0.9127
0.9596
0.9968
1.032
1.071
1.0964
1.1101
1.1062
1.0945
1.0691
1.0339
0.9811
0.9127
0.8443
0.7935
0.7603
0.7349
0.7134
0.7153
0.731
0.7642
0.8013
0.8463
0.8795
0.9147
0.942
0.9733
0.987
0.9772
0.942
0.8815
0.8267
0.7896
0.7818
0.7876
0.8052
0.8267
0.8443
0.8717
0.899
0.9245
0.9342
0.9284
0.9186
0.9127
0.9225
0.9381
0.9479
0.9499
0.9616
0.9714
0.985
0.9811
0.9733
0.9616
0.9479
0.9284
0.8854
0.8306
0.7837
0.7544
0.7486
0.7564
0.7642
0.7661
0.7974
0.8404
0.8736
0.8912
0.9108
0.9381
0.9577
0.985
1.0085
1.0222
1.032
1.0359
1.0163
1.0026
0.9909
0.9577
0.9147
0.8658
0.8267
0.7974
0.7779
0.7642
0.7876
0.8385
0.8912
0.9381
0.985
1.0241
1.0691
1.1062
1.1238
1.1219
1.1082
1.1062
1.1238
1.159
1.1903
1.2
1.1922
1.1981
1.2235
1.2567
1.2723
1.288
1.2938
1.2978
1.2743
1.243
1.2098
1.1766
1.1512
1.1179
1.0671
0.9929
0.9147
0.8326
0.7544
0.6821
0.6137
0.5629
0.5433
0.5512
0.5805
0.6313
0.7036
0.774
0.8345
0.8736
0.9088
0.9577
0.9909
1.0163
1.0105
0.9968
0.9772
0.9733
0.9733
0.9772
0.9948
1.0417
1.0984
1.1531
1.1942
1.2293
1.2567
1.2802
1.2763
1.2802
1.288
1.3232
1.3623
1.3877
1.3896
1.3623
1.3095
1.2254
1.1375
1.0613
1.0026
0.9635
0.9479
0.9538
0.9753
1.0007
1.0241
1.0476
1.0632
1.0632
1.0515
1.0359
1.0026
0.9557
0.9186
0.8951
0.8854
0.8736
0.8658
0.8541
0.8443
0.8463
0.8658
0.8795
0.8854
0.8854
0.8912
0.8951
0.8717
0.8424
0.8287
0.8482
0.8795
0.8951
0.901
0.899
0.901
0.9108
0.9323
0.9538
0.9772
0.9948
1.0183
1.0144
0.9948
0.985
0.9929
1.0007
0.987
0.944
0.8873
0.8306
0.7876
0.7701
0.7759
0.7974
0.8267
0.8619
0.901
0.944
0.987
1.0241
1.0437
1.0456
1.0476
1.0417
1.0398
1.028
1.0105
0.987
0.9538
0.9186
0.8932
0.8834
0.8854
0.8932
0.903
0.9127
0.9225
0.9264
0.944
0.9557
0.9518
0.9342
0.9108
0.899
0.8873
0.856
0.815
0.7837
0.774
0.7896
0.8013
0.8189
0.8287
0.8424
0.8521
0.8736
0.8932
0.9127
0.9362
0.944
0.946
0.9186
0.8893
0.8736
0.8736
0.8795
0.8678
0.858
0.8482
0.8404
0.8463
0.8502
0.8521
0.8639
0.8658
0.8619
0.8404
0.8131
0.7935
0.774
0.7564
0.7525
0.7759
0.8072
0.8404
0.8658
0.8678
0.86
0.8697
0.8951
0.9205
0.9323
0.9557
0.9772
0.987
0.9753
0.9596
0.946
0.9245
0.8951
0.8697
0.8697
0.9049
0.9675
1.0202
1.0495
1.0613
1.0828
1.1004
1.1277
1.159
1.1824
1.1785
1.1609
1.1316
1.1199
1.1101
1.1062
1.1004
1.0847
1.0574
1.0163
0.9753
0.9772
0.9909
1.0085
1.0378
1.0613
1.0769
1.0867
1.0964
1.0964
1.0886
1.0847
1.0808
1.0632
1.0261
0.9655
0.8854
0.7818
0.6821
0.6078
0.5648
0.5551
0.5766
0.602
0.6176
0.645
0.6977
0.7661
0.8424
0.9205
1.0026
1.073
1.1219
1.1512
1.1727
1.1922
1.2137
1.2196
1.2176
1.1961
1.1649
1.1238
1.0886
1.0593
1.0378
1.032
1.0437
1.0691
1.0828
1.0945
1.1101
1.116
1.1238
1.1238
1.1258
1.0984
1.0437
0.9616
0.8775
0.7994
0.7486
0.7231
0.731
0.7603
0.8209
0.8932
0.9733
1.0495
1.1297
1.2
1.2645
1.2978
1.3173
1.3173
1.3017
1.2567
1.2039
1.1336
1.0613
0.989
0.9323
0.899
0.8912
0.899
0.9108
0.942
0.987
1.0339
1.073
1.1062
1.1297
1.1297
1.1043
1.0691
1.03
0.9811
0.942
0.8971
0.8502
0.815
0.7837
0.7544
0.7388
0.729
0.731
0.729
0.7427
0.7407
0.7407
0.7446
0.7661
0.7916
0.8052
0.8013
0.8111
0.8502
0.903
0.9499
0.9948
1.0261
1.0437
1.0613
1.0554
1.032
0.9968
0.9577
0.9362
0.9264
0.9323
0.9401
0.9675
1.0183
1.071
1.1179
1.1531
1.2
1.245
1.2528
1.1922
1.1297
1.0437
0.9577
0.8951
0.8463
0.7935
0.731
0.6801
0.645
0.6176
0.5942
0.5902
0.6078
0.6469
0.6704
0.7095
0.7622
0.8306
0.903
0.9733
1.0241
1.0398
1.0437
1.0261
0.9929
0.942
0.9049
0.8658
0.8189
0.7779
0.7427
0.7231
0.7153
0.7231
0.7505
0.7857
0.8228
0.858
0.8815
0.8932
0.8932
0.8736
0.8385
0.7955
0.7544
0.7388
0.7466
0.7486
0.7544
0.7642
0.772
0.7837
0.8033
0.8424
0.8756
0.8971
0.9127
0.9245
0.946
0.9577
0.9577
0.942
0.9166
0.8834
0.8541
0.8443
0.8463
0.858
0.8678
0.8834
0.903
0.9264
0.9616
0.9929
1.028
1.0593
1.0789
1.0925
1.0984
1.0906
1.0671
1.0105
0.9479
0.899
0.858
0.8267
0.8131
0.817
0.8443
0.8873
0.9127
0.9127
0.899
0.8893
0.8756
0.8639
0.8521
0.8326
0.8326
0.856
0.8951
0.9284
0.942
0.9616
0.9909
1.0261
1.0574
1.0593
1.0593
1.0691
1.0964
1.1219
1.1355
1.1375
1.1375
1.1375
1.1258
1.1101
1.0945
1.0691
1.0398
1.0124
0.9831
0.9635
0.9518
0.9342
0.9303
0.9381
0.9538
0.9733
0.985
0.9948
1.0065
1.0222
1.0417
1.0534
1.0515
1.0495
1.0437
1.0417
1.032
1.0085
0.9929
0.9714
0.9362
0.8971
0.8697
0.8619
0.8815
0.9186
0.9655
1.0241
1.0906
1.1531
1.2137
1.2723
1.3056
1.3114
1.2899
1.2587
1.2333
1.1844
1.1219
1.0495
0.987
0.9303
0.8815
0.8424
0.8111
0.7974
0.8111
0.8306
0.8326
0.8267
0.8287
0.8463
0.8736
0.901
0.9166
0.9342
0.9401
0.9401
0.944
0.9381
0.9499
0.9675
1.0007
1.03
1.0476
1.0534
1.0808
1.0964
1.114
1.0906
1.0417
0.987
0.946
0.9186
0.901
0.8815
0.8658
0.8541
0.8639
0.8951
0.9245
0.9342
0.9381
0.9499
0.9538
0.9362
0.9147
0.899
0.8971
0.8951
0.9049
0.9049
0.9245
0.9577
0.989
1.0124
1.0456
1.0691
1.0828
1.0925
1.1043
1.1023
1.1023
1.0945
1.0828
1.0574
1.03
0.9968
0.9675
0.946
0.9264
0.9147
0.9108
0.9147
0.942
0.987
1.0417
1.0886
1.1375
1.1668
1.1864
1.1668
1.114
1.0574
1.028
1.0202
1.032
1.0515
1.0398
1.0026
0.9753
0.9616
0.9577
0.9616
0.9577
0.9616
0.9753
1.0026
1.028
1.0534
1.0632
1.0671
1.0574
1.028
0.9909
0.9616
0.946
0.9264
0.9069
0.8932
0.8854
0.8834
0.8815
0.8775
0.8775
0.8717
0.8541
0.817
0.7779
0.7544
0.7603
0.7798
0.7896
0.7916
0.8052
0.8345
0.8736
0.9147
0.9538
0.985
1.0007
1.0007
0.9909
0.9811
0.9616
0.9303
0.9088
0.8932
0.8893
0.8932
0.8873
0.8658
0.8482
0.8424
0.8502
0.8658
0.8756
0.8912
0.9401
1.0046
1.0808
1.1336
1.1512
1.1355
1.1043
1.0691
1.0476
1.0241
0.9987
0.9714
0.9362
0.8854
0.815
0.7564
0.7173
0.6919
0.6841
0.6919
0.7231
0.7661
0.8326
0.901
0.9675
1.032
1.0808
1.1004
1.1082
1.114
1.116
1.1082
1.0828
1.0456
0.9929
0.9303
0.8775
0.8267
0.7935
0.7837
0.7798
0.8541
0.9342
0.9968
1.028
1.0515
1.0632
1.0632
1.0769
1.0749
1.0691
1.0613
1.0534
1.0456
1.032
1.0085
0.9753
0.9499
0.9186
0.8756
0.8404
0.8072
0.7916
0.7837
0.7974
0.8287
0.8756
0.9284
0.9714
1.0163
1.0534
1.0749
1.0789
1.0691
1.0534
1.0163
0.9753
0.9225
0.8834
0.8365
0.8052
0.7974
0.815
0.8463
0.8873
0.946
1.0046
1.0691
1.1394
1.2176
1.2958
1.3544
1.374
1.3525
1.288
1.1824
1.0828
0.989
0.9147
0.8697
0.8443
0.8326
0.8443
0.8795
0.9479
1.0202
1.0964
1.1785
1.2567
1.329
1.3798
1.4053
1.3994
1.374
1.3153
1.2254
1.1316
1.0456
0.9655
0.8932
0.8365
0.8033
0.7974
0.8111
0.8541
0.9225
0.9987
1.071
1.1219
1.1531
1.1805
1.1922
1.1766
1.1179
1.0554
1.0046
0.9694
0.9401
0.8971
0.8619
0.8267
0.7994
0.7916
0.8052
0.8209
0.8385
0.8795
0.9303
0.9968
1.0632
1.1121
1.1219
1.114
1.0867
1.0515
1.0124
0.9714
0.9245
0.8619
0.7876
0.7192
0.6723
0.6508
0.6332
0.6313
0.6391
0.6782
0.7388
0.815
0.8854
0.9518
1.0144
1.071
1.1062
1.1316
1.1414
1.1453
1.1179
1.0691
1.0046
0.9499
0.8951
0.8834
0.8834
0.8834
0.8854
0.9147
0.944
0.9557
0.946
0.9186
0.8815
0.8424
0.7955
0.7622
0.7505
0.7427
0.7368
0.7271
0.7271
0.7427
0.7681
0.8013
0.8424
0.8756
0.8834
0.8639
0.8072
0.7134
0.6098
0.5453
0.5101
0.5179
0.557
0.6137
0.6723
0.7251
0.7701
0.8013
0.8424
0.8854
0.9362
0.9772
1.0163
1.0456
1.0534
1.0515
1.0417
1.028
1.0026
0.9557
0.903
0.86
0.8326
0.815
0.8111
0.815
0.8326
0.86
0.8912
0.9127
0.9225
0.9088
0.8854
0.8658
0.8385
0.817
0.8052
0.8131
0.8228
0.8267
0.8267
0.8228
0.817
0.8248
0.8306
0.8385
0.8521
0.8756
0.9108
0.944
0.9733
0.9909
0.989
0.9733
0.9401
0.8951
0.8619
0.8228
0.7896
0.7525
0.7231
0.7153
0.7095
0.7134
0.7114
0.7173
0.7329
0.7505
0.7798
0.8072
0.8365
0.8658
0.8893
0.9147
0.946
0.9694
0.9675
0.9479
0.9362
0.9342
0.9635
0.985
1.0105
1.0359
1.0593
1.0828
1.0984
1.1023
1.0886
1.0652
1.0359
1.0163
1.0124
0.9909
0.9577
0.9245
0.9088
0.9069
0.9166
0.9303
0.9323
0.9225
0.9225
0.9284
0.9401
0.9401
0.946
0.9499
0.9538
0.9557
0.9518
0.9518
0.944
0.9245
0.901
0.8893
0.899
0.9127
0.9342
0.9596
0.989
1.0144
1.032
1.0437
1.0437
1.028
0.9987
0.9714
0.946
0.9166
0.8951
0.8912
0.8893
0.8893
0.8795
0.8873
0.9049
0.9264
0.944
0.9479
0.9596
0.987
1.0144
1.0398
1.0554
1.071
1.0945
1.1238
1.1551
1.1688
1.1844
1.1922
1.2
1.2059
1.2176
1.2293
1.2411
1.2411
1.245
1.2489
1.2645
1.2763
1.2684
1.2469
1.2118
1.1746
1.1434
1.1023
1.0593
1.0163
0.987
0.9714
0.9635
0.9557
0.9518
0.9577
0.9772
1.0046
1.0222
1.032
1.0456
1.0632
1.0789
1.0652
1.0378
0.9929
0.9479
0.9147
0.899
0.8775
0.856
0.8228
0.772
0.7329
0.7095
0.7056
0.7056
0.7173
0.7388
0.772
0.8267
0.8893
0.9596
1.0241
1.0808
1.1199
1.1394
1.1238
1.0867
1.032
0.9753
0.9264
0.8834
0.86
0.8502
0.8287
0.7935
0.7818
0.7916
0.8209
0.8541
0.8756
0.8893
0.9225
0.9499
0.9694
0.9929
1.0085
1.0124
0.9968
0.9635
0.9205
0.8756
0.8619
0.8775
0.9186
0.9557
0.9909
1.0085
1.0163
1.0085
1.0026
1.0085
1.0241
1.0202
0.9948
0.9655
0.942
0.9284
0.9284
0.9362
0.9499
0.9655
0.9811
0.9929
0.9987
1.0007
1.0124
1.0124
0.987
0.9616
0.9655
0.989
1.0202
1.0398
1.0241
0.9929
0.9596
0.944
0.9381
0.9362
0.942
0.9557
0.9694
0.9929
1.0124
1.0202
1.0163
1.0202
1.0359
1.0652
1.0671
1.0437
1.0222
1.0124
1.0124
1.0046
0.987
0.946
0.901
0.8815
0.8932
0.9205
0.9381
0.9499
0.9596
0.9694
0.9909
1.0065
1.0183
1.028
1.03
1.0144
0.985
0.9694
0.9635
0.9616
0.9381
0.8971
0.8619
0.8287
0.8072
0.7994
0.7916
0.7857
0.7798
0.7798
0.7798
0.7857
0.7876
0.8345
0.8736
0.9088
0.9225
0.903
0.8893
0.8854
0.8971
0.9108
0.9166
0.9166
0.899
0.8756
0.8619
0.856
0.8502
0.8463
0.8306
0.8131
0.7896
0.7798
0.8013
0.8404
0.8678
0.8834
0.8834
0.8873
0.9108
0.9596
1.0124
1.0652
1.1101
1.1277
1.1297
1.1121
1.0828
1.0652
1.0574
1.0534
1.0456
1.028
1.0105
0.9987
0.9968
0.9948
1.0026
1.0026
0.989
0.9538
0.9108
0.8795
0.8639
0.8697
0.9108
0.9401
0.9616
0.9831
0.9948
1.0183
1.032
1.0359
1.0398
1.0456
1.0554
1.0534
1.0359
0.9968
0.9342
0.8658
0.7916
0.7271
0.6684
0.6274
0.6078
0.6196
0.6587
0.7271
0.8228
0.9225
1.0183
1.0925
1.1492
1.1824
1.1883
1.1707
1.1551
1.1375
1.1101
1.073
1.0359
0.9987
0.9616
0.9284
0.9127
0.9264
0.9557
0.9929
1.0437
1.1043
1.1531
1.1942
1.2118
1.2137
1.1922
1.1551
1.114
1.0769
1.0378
1.0007
0.9635
0.942
0.9323
0.9342
0.9518
0.9733
0.9909
1.0046
1.0202
1.0261
1.0183
1.0007
0.9694
0.9342
0.9049
0.8834
0.8639
0.8502
0.8443
0.8443
0.8521
0.8639
0.8815
0.9069
0.9245
0.9245
0.9245
0.9225
0.9205
0.9166
0.9323
0.9635
0.9948
1.032
1.0593
1.071
1.0652
1.0398
1.0124
0.9753
0.944
0.9088
0.8893
0.9049
0.9245
0.9557
0.9968
1.0593
1.1394
1.2059
1.2587
1.2978
1.3212
1.3251
1.3036
1.2606
1.2059
1.1492
1.0964
1.0339
0.9733
0.903
0.8463
0.815
0.8013
0.8072
0.8287
0.8521
0.8678
0.8932
0.9245
0.9479
0.9518
0.9225
0.8775
0.8209
0.772
0.7212
0.6704
0.6274
0.6039
0.6137
0.643
0.6626
0.6723
0.688
0.7075
0.7368
0.7779
0.815
0.858
0.9088
0.9342
0.944
0.944
0.9381
0.9166
0.8854
0.8463
0.8209
0.8267
0.8248
0.8228
0.815
0.7935
0.7779
0.7681
0.7525
0.729
0.6997
0.6743
0.6606
0.6567
0.6704
0.6938
0.731
0.7779
0.8189
0.86
0.903
0.942
0.9714
0.9831
0.9987
1.028
1.0613
1.0925
1.116
1.1219
1.1101
1.0769
1.0183
0.9499
0.8697
0.8013
0.7349
0.686
0.643
0.6235
0.6157
0.6254
0.6313
0.6332
0.6508
0.686
0.7349
0.7779
0.8228
0.8619
0.9049
0.9479
0.987
1.028
1.0574
1.0652
1.0632
1.0398
1.0007
0.944
0.8912
0.86
0.8385
0.8131
0.7818
0.7466
0.7095
0.688
0.6919
0.7231
0.7661
0.815
0.8619
0.8912
0.9088
0.903
0.8893
0.8736
0.86
0.8502
0.8521
0.86
0.8854
0.8932
0.8893
0.8697
0.856
0.8463
0.858
0.8815
0.901
0.9186
0.9323
0.9518
0.9753
1.0026
1.0183
1.0339
1.0398
1.0456
1.0574
1.073
1.0945
1.116
1.1492
1.1785
1.2157
1.2489
1.2626
1.2489
1.2215
1.2059
1.1903
1.1824
1.1746
1.1609
1.1473
1.1297
1.1179
1.1199
1.1082
1.0691
1.0124
0.9635
0.9147
0.8756
0.8228
0.7779
0.7525
0.7564
0.7642
0.7603
0.7388
0.7212
0.7114
0.7134
0.6997
0.6704
0.6391
0.6157
0.6
0.6078
0.6235
0.6528
0.7075
0.7701
0.8248
0.8639
0.9049
0.9518
1.0007
1.0417
1.0691
1.0789
1.0886
1.0964
1.1004
1.0964
1.0945
1.0886
1.0906
1.1004
1.1082
1.1082
1.1101
1.1199
1.1258
1.1375
1.1434
1.1394
1.1277
1.114
1.1023
1.0789
1.0495
1.0261
1.0065
0.9987
0.9987
1.0183
1.032
1.0437
1.028
0.9929
0.9557
0.9284
0.9069
0.8854
0.8639
0.8345
0.8033
0.7798
0.772
0.7876
0.8111
0.8345
0.8463
0.86
0.8873
0.9225
0.9557
0.9714
0.9733
0.9694
0.9733
0.9831
1.0026
1.0241
1.0339
1.0437
1.0554
1.0632
1.0671
1.071
1.0769
1.0749
1.071
1.0515
1.0163
0.9811
0.9538
0.946
0.942
0.9362
0.9284
0.9284
0.9401
0.9499
0.9655
0.9948
1.0163
1.0359
1.0378
1.0222
1.0026
0.9909
0.9831
0.9753
0.9655
0.9596
0.9557
0.9557
0.9577
0.9635
0.9596
0.9655
0.9714
0.985
0.9968
1.0026
1.0222
1.0476
1.0652
1.0691
1.0515
1.0398
1.028
1.03
1.03
1.0183
0.989
0.9635
0.9538
0.9518
0.9557
0.9577
0.9655
0.9811
1.0124
1.0378
1.0613
1.0749
1.0789
1.0847
1.073
1.0534
1.03
1.0065
0.9948
0.9831
0.9635
0.9381
0.9088
0.8873
0.8834
0.8951
0.9088
0.9186
0.9264
0.946
0.9635
0.9831
1.0144
1.0339
1.0476
1.0417
1.0065
0.9616
0.9127
0.8775
0.8385
0.8091
0.7916
0.7916
0.8052
0.8306
0.8736
0.9147
0.9596
0.985
0.9987
0.9811
0.9577
0.9381
0.9127
0.8815
0.8541
0.8424
0.8404
0.8345
0.8345
0.8385
0.8502
0.8619
0.8815
0.8912
0.901
0.9166
0.946
0.9831
1.0085
1.028
1.0359
1.0378
1.0241
0.9968
0.9792
0.9694
0.9714
0.9557
0.9381
0.9205
0.8951
0.8697
0.8502
0.8326
0.8189
0.8033
0.7876
0.772
0.7564
0.7446
0.7544
0.7564
0.7525
0.7446
0.7466
0.7525
0.7661
0.7779
0.8072
0.8365
0.8678
0.8932
0.9049
0.9127
0.9205
0.9245
0.9342
0.942
0.9284
0.8834
0.8228
0.7642
0.7388
0.7446
0.7779
0.815
0.856
0.8951
0.944
0.9811
0.9909
0.9714
0.9518
0.9596
0.9948
1.0378
1.0808
1.1219
1.1394
1.1394
1.1238
1.0886
1.0339
0.9714
0.9225
0.8971
0.901
0.9225
0.9557
0.987
1.0202
1.0476
1.0808
1.0984
1.1238
1.1492
1.1707
1.1883
1.1805
1.1394
1.0808
1.0222
0.9616
0.9264
0.9147
0.9069
0.901
0.8912
0.8795
0.8873
0.9049
0.9186
0.9303
0.9479
0.9635
0.985
1.0065
1.0241
1.0417
1.03
1.0007
0.9635
0.9205
0.8834
0.858
0.8482
0.8482
0.8521
0.8541
0.8541
0.8345
0.8072
0.7759
0.7329
0.6977
0.6782
0.6606
0.6587
0.6645
0.6801
0.7173
0.7486
0.7759
0.8091
0.8463
0.8971
0.944
1.0065
1.0691
1.1297
1.1629
1.1864
1.1746
1.1473
1.1043
1.0691
1.0398
1.0241
1.0046
0.9987
0.989
0.985
0.9753
0.9733
0.9694
0.9831
0.9929
0.9987
1.0046
1.0065
1.0202
1.032
1.0378
1.0378
1.0398
1.0476
1.0515
1.0495
1.0554
1.0652
1.071
1.0789
1.071
1.0554
1.0378
1.03
1.032
1.0476
1.0632
1.0808
1.1043
1.1297
1.1434
1.1473
1.1179
1.073
1.0105
0.9342
0.8639
0.8052
0.7388
0.6801
0.6332
0.5883
0.557
0.5512
0.5707
0.6117
0.6704
0.729
0.774
0.7935
0.8033
0.8033
0.8209
0.858
0.9049
0.9479
0.987
1.0437
1.1277
1.1375
1.1414
1.1238
1.0906
1.0671
1.0437
1.0065
0.9655
0.9264
0.8951
0.8815
0.8775
0.8775
0.8756
0.8893
0.9264
0.9792
1.028
1.0437
1.0437
1.0398
1.03
1.0105
0.9792
0.9264
0.8463
0.7622
0.688
0.6547
0.6606
0.688
0.7251
0.7564
0.772
0.7759
0.7622
0.729
0.6977
0.6977
0.7368
0.8033
0.8521
0.8834
0.9127
0.9088
0.8795
0.8345
0.7876
0.7427
0.6919
0.645
0.6078
0.5766
0.5531
0.5336
0.514
0.514
0.5257
0.5629
0.6157
0.6899
0.7661
0.858
0.9714
1.0749
1.157
1.2176
1.2196
1.1649
1.0749
0.9831
0.9088
0.86
0.8345
0.8306
0.8345
0.8248
0.7974
0.7661
0.7388
0.731
0.731
0.7407
0.7388
0.731
0.7134
0.6801
0.6508
0.6137
0.5902
0.5785
0.5961
0.6313
0.6723
0.7368
0.8033
0.8619
0.9069
0.9499
0.9968
1.0417
1.0769
1.0906
1.0828
1.0534
1.0183
0.9811
0.9577
0.9362
0.9284
0.9245
0.9225
0.9088
0.901
0.899
0.9069
0.9225
0.9381
0.942
0.944
0.942
0.9205
0.8834
0.8326
0.7779
0.7173
0.6743
0.6372
0.6235
0.6391
0.6938
0.7564
0.8111
0.8541
0.8775
0.8854
0.8717
0.858
0.8482
0.8502
0.8639
0.8815
0.8951
0.901
0.8932
0.8873
0.8775
0.8678
0.8619
0.856
0.8736
0.9049
0.944
0.9792
1.0007
1.0144
1.03
1.0437
1.0456
1.0417
1.0261
1.0065
0.9792
0.9557
0.9166
0.8717
0.817
0.7661
0.7329
0.7192
0.7212
0.7231
0.7349
0.7505
0.7759
0.8091
0.8385
0.86
0.8815
0.9049
0.9284
0.9401
0.944
0.9381
0.9264
0.9049
0.899
0.9088
0.9303
0.9479
0.9635
0.9811
1.0144
1.0652
1.1043
1.1258
1.1434
1.157
1.159
1.1512
1.1277
1.0906
1.0613
1.0398
1.0222
1.0144
0.9948
0.9577
0.9127
0.8639
0.8306
0.8131
0.8072
0.8052
0.815
0.8404
0.8815
0.9166
0.9518
0.9831
1.0085
1.028
1.0339
1.03
1.0183
1.0065
1.0124
1.0144
1.0105
1.0105
1.0026
1.0026
1.0046
1.0026
0.9968
0.9909
0.9909
1.0007
1.0085
1.0124
1.0183
1.0202
1.0065
0.9792
0.9635
0.9538
0.9362
0.9264
0.9225
0.9284
0.9342
0.9499
0.9733
0.9909
1.0124
1.0183
1.0163
1.0183
1.0202
1.028
1.0241
1.0222
1.0202
1.0124
1.0026
0.989
0.9655
0.9401
0.9225
0.9147
0.9127
0.899
0.8678
0.8502
0.8443
0.8385
0.8443
0.8424
0.8521
0.8678
0.8971
0.9245
0.9577
0.9811
1.0065
1.032
1.0495
1.0632
1.0828
1.1004
1.116
1.1179
1.1101
1.0925
1.0632
1.0222
0.9811
0.944
0.9225
0.8951
0.8736
0.8502
0.8443
0.8521
0.8834
0.9186
0.9499
0.985
1.0144
1.0359
1.0554
1.0847
1.1179
1.1355
1.1394
1.1219
1.0984
1.0828
1.0691
1.0378
1.0007
0.9655
0.9499
0.9284
0.9166
0.9166
0.9342
0.9596
0.9968
1.0261
1.0476
1.0906
1.1473
1.1922
1.2098
1.1942
1.159
1.1238
1.0945
1.0749
1.071
1.0691
1.073
1.073
1.0828
1.0789
1.0652
1.0495
1.0417
1.0437
1.0515
1.0613
1.0574
1.0398
1.0261
1.0144
1.0183
1.0124
0.989
0.9694
0.9675
0.9675
0.9538
0.9303
0.9049
0.8932
0.901
0.9127
0.9303
0.9381
0.9323
0.9264
0.9049
0.8873
0.8619
0.8502
0.8463
0.856
0.8678
0.8893
0.9049
0.9205
0.9245
0.9323
0.9342
0.9323
0.9323
0.9342
0.9362
0.946
0.9675
0.9968
1.0202
1.0495
1.0691
1.0867
1.0984
1.1023
1.1023
1.0925
1.0789
1.0652
1.0359
0.9929
0.9596
0.942
0.9538
0.9792
0.9968
0.9968
0.989
0.9714
0.9596
0.9577
0.9577
0.9655
0.9655
0.9635
0.9635
0.9499
0.9284
0.8951
0.8443
0.8013
0.7896
0.7916
0.7896
0.7896
0.7896
0.7916
0.7935
0.8033
0.8209
0.8385
0.8502
0.8639
0.8834
0.9069
0.9166
0.9127
0.8893
0.8697
0.8424
0.8248
0.8033
0.7837
0.7642
0.7564
0.7564
0.7622
0.7857
0.8111
0.8443
0.8697
0.8854
0.8912
0.8951
0.903
0.903
0.8873
0.856
0.8326
0.8111
0.7935
0.774
0.7466
0.7173
0.6997
0.6938
0.6938
0.6919
0.6919
0.6958
0.7075
0.7564
0.8385
0.9108
0.9499
0.9733
0.9929
1.0085
1.0222
1.0202
0.9929
0.9596
0.9303
0.8932
0.8345
0.7622
0.6801
0.5981
0.5453
0.5297
0.5375
0.5687
0.602
0.6547
0.7212
0.8091
0.9127
1.0241
1.1297
1.2254
1.2958
1.3466
1.374
1.3798
1.3662
1.3212
1.2469
1.1492
1.0534
0.9675
0.8971
0.8385
0.7955
0.7701
0.7427
0.7192
0.7075
0.7212
0.7427
0.772
0.8131
0.8775
0.9362
0.9987
1.0613
1.1062
1.1238
1.1219
1.1121
1.0925
1.0613
1.0183
0.9714
0.9069
0.8424
0.7798
0.7368
0.7114
0.7114
0.7271
0.7466
0.7798
0.8189
0.856
0.8795
0.8873
0.8795
0.858
0.8287
0.8052
0.8033
0.8131
0.8306
0.856
0.8834
0.9069
0.9362
0.9694
1.0046
1.0398
1.071
1.1101
1.1453
1.1922
1.2293
1.2469
1.2469
1.2372
1.2137
1.1844
1.1551
1.1277
1.1023
1.0671
1.0339
1.0065
0.9968
1.0065
1.0339
1.073
1.1082
1.114
1.1082
1.0886
1.0632
1.0339
0.9909
0.9479
0.901
0.8482
0.8287
0.8267
0.8404
0.8678
0.9147
0.9655
1.028
1.0867
1.1336
1.1668
1.1981
1.2118
1.2059
1.1883
1.1668
1.1434
1.1258
1.0984
1.0691
1.0339
0.9948
0.9616
0.9303
0.9069
0.8873
0.8756
0.8658
0.8541
0.8443
0.8326
0.8248
0.8131
0.8013
0.7896
0.7759
0.7681
0.7661
0.7779
0.7916
0.8052
0.815
0.8228
0.8404
0.856
0.8775
0.903
0.9342
0.9577
0.9733
0.9909
1.0065
1.0046
1.0105
1.028
1.0417
1.0456
1.0437
1.0359
1.028
1.0202
0.9987
0.9772
0.9538
0.9342
0.9381
0.9499
0.9909
1.0417
1.0945
1.1492
1.1824
1.1942
1.1844
1.1649
1.1473
1.1238
1.0808
1.0144
0.9303
0.8521
0.7837
0.7271
0.7036
0.7036
0.7036
0.7016
0.6977
0.7056
0.7271
0.774
0.8385
0.9069
0.9655
1.03
1.0691
1.0847
1.0534
1.0065
0.9499
0.8639
0.7681
0.6587
0.5648
0.4945
0.4378
0.3987
0.3831
0.3792
0.3909
0.4007
0.4124
0.4261
0.4437
0.4749
0.5199
0.5766
0.6469
0.7114
0.7818
0.8482
0.903
0.946
0.9694
0.9811
0.9772
0.9792
0.9714
0.9714
0.9694
0.9675
0.942
0.899
0.8306
0.7642
0.7251
0.7095
0.7329
0.7701
0.8033
0.8189
0.8209
0.8248
0.8502
0.8951
0.9284
0.9342
0.9108
0.8639
0.8091
0.7583
0.731
0.7251
0.7544
0.815
0.8756
0.9362
0.9811
1.03
1.071
1.1004
1.1179
1.114
1.1082
1.1004
1.1004
1.1121
1.1316
1.1531
1.1766
1.1942
1.1903
1.1785
1.159
1.1277
1.1004
1.0691
1.0378
1.0085
0.9811
0.946
0.9147
0.8834
0.8678
0.8736
0.899
0.9323
0.9596
0.985
1.0124
1.0359
1.0574
1.0691
1.0828
1.0925
1.0925
1.0789
1.0574
1.028
0.9948
0.9557
0.9069
0.856
0.8072
0.7642
0.7368
0.729
0.7407
0.7388
0.731
0.7368
0.7642
0.7955
0.8267
0.8482
0.8678
0.903
0.9303
0.9596
0.9811
1.0026
1.0105
1.0085
0.9909
0.9792
0.9733
0.9811
0.9948
1.0163
1.0378
1.0574
1.0828
1.1004
1.1082
1.1101
1.1101
1.1004
1.0847
1.0632
1.03
0.9987
0.9616
0.9186
0.8873
0.8678
0.86
0.858
0.856
0.8619
0.8873
0.9166
0.9499
0.9655
0.989
1.0007
1.0202
1.028
1.028
1.0124
0.989
0.9655
0.9538
0.9499
0.942
0.9245
0.9069
0.899
0.8873
0.8736
0.8639
0.8639
0.8717
0.8795
0.8873
0.8912
0.8893
0.899
0.9147
0.9381
0.9616
0.9714
0.9831
0.9948
1.0046
1.0105
1.0144
1.0144
1.0065
0.9929
0.9675
0.9499
0.944
0.9381
0.9323
0.9225
0.9069
0.8893
0.8697
0.8541
0.8424
0.8404
0.8424
0.8424
0.858
0.8854
0.903
0.9186
0.9245
0.9166
0.9284
0.9303
0.9186
0.9186
0.9205
0.9166
0.9166
0.903
0.8971
0.903
0.8932
0.8834
0.899
0.9147
0.9401
0.987
1.0359
1.0867
1.1179
1.1297
1.1258
1.114
1.0945
1.073
1.0476
1.0261
1.0105
0.9987
0.9831
0.9635
0.946
0.9186
0.8815
0.8404
0.8033
0.772
0.7525
0.7505
0.7583
0.772
0.7935
0.817
0.8326
0.8502
0.856
0.8521
0.8424
0.8248
0.7896
0.7544
0.731
0.7173
0.7231
0.7368
0.7642
0.7916
0.817
0.8385
0.858
0.8815
0.9049
0.9342
0.9518
0.9733
0.9831
0.9714
0.9596
0.9362
0.9323
0.9108
0.901
0.8873
0.8795
0.8639
0.856
0.8463
0.8365
0.8248
0.8033
0.7759
0.7486
0.7114
0.686
0.6587
0.6606
0.6743
0.7016
0.7427
0.7857
0.8365
0.8893
0.9284
0.9635
0.9948
1.0241
1.0437
1.0437
1.032
1.0085
0.9596
0.9088
0.8541
0.8111
0.7603
0.7153
0.6958
0.7016
0.7056
0.7251
0.7446
0.772
0.8013
0.8267
0.8521
0.8775
0.901
0.9205
0.9303
0.944
0.946
0.944
0.9225
0.899
0.8639
0.8248
0.7779
0.7251
0.6665
0.6039
0.559
0.5199
0.5042
0.5062
0.5218
0.5492
0.5746
0.6196
0.6587
0.6997
0.7466
0.7916
0.8404
0.8834
0.9303
0.9792
1.0241
1.0652
1.1062
1.1394
1.1629
1.1805
1.1707
1.1512
1.116
1.0652
1.0163
0.9635
0.9225
0.8873
0.8619
0.8463
0.8404
0.8404
0.8424
0.8443
0.8502
0.856
0.8756
0.8932
0.9205
0.944
0.9714
0.989
1.0085
1.0163
1.0241
1.03
1.0222
1.0065
0.985
0.9557
0.9186
0.8893
0.8658
0.8326
0.8072
0.7876
0.7779
0.7798
0.7857
0.7818
0.7759
0.7544
0.7329
0.7056
0.686
0.6606
0.6411
0.6235
0.6137
0.6039
0.6078
0.6098
0.6215
0.6293
0.6313
0.6176
0.5942
0.5629
0.5277
0.5023
0.4808
0.4769
0.4925
0.5238
0.5668
0.5961
0.6196
0.6313
0.6313
0.6215
0.6039
0.5981
0.5981
0.6117
0.6313
0.6704
0.7212
0.7701
0.8345
0.8951
0.9792
1.0476
1.1277
1.1883
1.2567
1.3017
1.3447
1.3681
1.3798
1.374
1.3583
1.3232
1.2704
1.2215
1.1746
1.1316
1.0906
1.0495
1.0065
0.9714
0.9381
0.9108
0.8815
0.8619
0.8443
0.8248
0.8033
0.7837
0.7622
0.7368
0.7114
0.6919
0.6704
0.6567
0.6391
0.6313
0.6313
0.6372
0.645
0.6547
0.6665
0.6762
0.686
0.6938
0.6938
0.6958
0.6958
0.6958
0.6919
0.6938
0.7036
0.7192
0.7407
0.7701
0.7994
0.8326
0.8658
0.901
0.9362
0.9694
0.9948
1.0183
1.0378
1.0534
1.0613
1.0749
1.0867
1.0906
1.0906
1.0769
1.0632
1.0456
1.0202
0.9987
0.9753
0.9557
0.9342
0.9205
0.9108
0.901
0.901
0.899
0.9127
0.9166
0.9284
0.9362
0.9499
0.9616
0.9733
0.987
0.9929
1.0007
1.0046
1.0026
0.987
0.9675
0.944
0.9205
0.8932
0.8775
0.8541
0.8326
0.8111
0.7916
0.772
0.7564
0.7505
0.7486
0.7583
0.772
0.7935
0.8111
0.8228
0.8287
0.8345
0.8326
0.8248
0.8189
0.8091
0.8111
0.8131
0.8209
0.8404
0.86
0.8815
0.9049
0.9362
0.9577
0.9831
1.0046
1.0202
1.0359
1.0476
1.0476
1.0476
1.0339
1.028
1.0085
0.9929
0.989
0.9772
0.9811
0.9831
0.9948
1.0124
1.028
1.0378
1.0378
1.0202
1.0007
0.9694
0.9362
0.9049
0.8717
0.8404
0.817
0.7896
0.772
0.7544
0.7446
0.7368
0.7407
0.7486
0.7661
0.7896
0.817
0.8385
0.8619
0.8795
0.8932
0.8971
0.8971
0.8912
0.8834
0.8717
0.86
0.8502
0.8541
0.8541
0.8678
0.8893
0.9108
0.9323
0.9557
0.9675
0.9714
0.9733
0.9714
0.9675
0.9596
0.9479
0.9401
0.9362
0.9381
0.9401
0.9401
0.9381
0.9225
0.903
0.8795
0.86
0.8424
0.8306
0.8287
0.8287
0.8287
0.8287
0.8267
0.8326
0.8365
0.8482
0.856
0.86
0.8678
0.8697
0.8736
0.8756
0.8736
0.8815
0.8756
0.8834
0.8893
0.903
0.9166
0.9342
0.9538
0.9772
0.9948
1.0183
1.0339
1.0476
1.0574
1.0632
1.0613
1.0652
1.0691
1.071
1.0652
1.0613
1.0534
1.0495
1.0417
1.0359
1.0261
1.0183
1.0026
0.989
0.9733
0.9577
0.9499
0.944
0.9381
0.9323
0.9323
0.9342
0.9381
0.942
0.944
0.9499
0.9538
0.9557
0.9538
0.9518
0.946
0.942
0.9381
0.9284
0.9186
0.9049
0.8932
0.8834
0.8756
0.8697
0.8639
0.858
0.8619
0.8678
0.8717
0.8795
0.8834
0.8854
0.8893
0.8815
0.8775
0.8678
0.8639
0.856
0.8541
0.8541
0.86
0.8658
0.8736
0.8717
0.8756
0.8697
0.8639
0.8639
0.858
0.8521
0.8463
0.8306
0.815
0.7955
0.7701
0.7505
0.7329
0.7173
0.7095
0.7075
0.7134
0.7231
0.7388
0.7583
0.7876
0.817
0.8404
0.8639
0.8756
0.8854
0.8873
0.8795
0.8658
0.8521
0.8424
0.8365
0.8345
0.8404
0.858
0.8775
0.901
0.9264
0.9538
0.9772
1.0026
1.0202
1.0437
1.0574
1.071
1.0749
1.073
1.0613
1.0437
1.0144
0.9811
0.9342
0.8932
0.8521
0.815
0.7935
0.7876
0.7994
0.8267
0.8639
0.9147
0.9733
1.0339
1.0925
1.1492
1.1864
1.2137
1.2254
1.2274
1.2078
1.1785
1.1414
1.0964
1.0476
1.0026
0.9694
0.942
0.9245
0.9186
0.9245
0.944
0.9655
0.987
1.0144
1.032
1.0495
1.0613
1.073
1.0867
1.0945
1.1101
1.1179
1.1316
1.1453
1.1512
1.1629
1.1668
1.1707
1.1727
1.1727
1.1766
1.1805
1.1864
1.1844
1.1883
1.1961
1.1961
1.1922
1.1864
1.1707
1.1629
1.1531
1.1453
1.1453
1.1434
1.1434
1.1434
1.1414
1.1355
1.1375
1.1258
1.1258
1.1199
1.1082
1.1004
1.0964
1.0886
1.0886
1.0828
1.0789
1.0749
1.0749
1.0769
1.0749
1.0847
1.1023
1.1043
1.1082
1.0945
1.071
1.0476
1.0026
0.9479
0.8893
0.8228
0.7564
0.6938
0.643
0.5922
0.5453
0.5062
0.4749
0.4495
0.428
0.4143
0.4065
0.4026
0.4065
0.4143
0.4085
0.4143
0.4202
0.4202
0.4143
0.4241
0.4183
0.4222
0.428
0.4339
0.4515
0.4573
0.4808
0.4964
0.5257
0.559
0.5844
0.6215
0.6684
0.6899
0.7388
0.772
0.7994
0.8345
0.8482
0.858
0.8678
0.8775
0.8834
0.901
0.9205
0.9381
0.9557
0.9655
0.9792
0.9733
0.9557
0.9362
0.9147
0.8873
0.8639
0.8404
0.8072
0.7701
0.7427
0.6997
0.5844
0.514
0.5257
0.5179
0.4847
0.471
0.4671
0.4749
0.473
0.4691
0.473
0.4886
0.5179
0.5531
0.5805
0.5942
0.6
0.6098
0.6098
0.6137
0.6098
0.6078
0.6098
0.6117
0.6059
0.5981
0.5981
0.6059
0.6352
0.6645
0.6958
0.7231
0.729
0.7388
0.731
0.7153
0.6938
0.6723
0.6469
0.6157
0.5844
0.5668
0.559
0.557
0.5531
0.557
0.559
0.557
0.559
0.5609
0.5766
0.5863
0.6
0.6039
0.6078
0.6117
0.6059
0.6039
0.6098
0.6176
0.6235
0.6313
0.6313
0.6391
0.6469
0.6528
0.6528
0.6567
0.6587
0.6665
0.6645
0.6626
0.6567
0.6469
0.6293
0.6117
0.5902
0.5727
0.5609
0.5531
0.5512
0.5414
0.5414
0.5375
0.5375
0.5394
0.5453
0.5472
0.5433
0.5472
0.5472
0.5414
0.5472
0.5472
0.5433
0.5433
0.5472
0.5551
0.557
0.5648
0.5707
0.5746
0.5746
0.5746
0.5707
0.5727
0.5746
0.5766
0.5805
0.5805
0.5785
0.5844
0.5844
0.5863
0.5883
0.5961
0.6039
0.6137
0.6235
0.6372
0.6489
0.6508
0.6547
0.645
0.643
0.6391
0.6293
0.6274
0.6196
0.6117
0.6059
0.6
0.5902
0.5902
0.5824
0.5727
0.5629
0.5531
0.5433
0.5355
0.5277
0.5238
0.5238
0.5257
0.5277
0.5316
0.5297
0.5277
0.5277
0.5218
0.5179
0.5179
0.5121
0.5121
0.5121
0.5121
0.5101
0.5179
0.5199
0.5316
0.5414
0.5531
0.5648
0.5727
0.5805
0.5863
0.6059
0.643
0.6587
0.643
0.6332
0.5981
0.5766
0.4906
0.4886
0.4769
0.4769
0.4925
0.4808
0.4827
0.5336
0.6391
0.6352
0.5218
0.4652
0.5238
0.6235
0.686
0.6411
0.5512
0.4691
0.4104
0.387
0.387
0.4046
0.4652
0.5218
0.5727
0.6313
0.6665
0.6645
0.6587
0.6254
0.5805
0.5355
0.4925
0.4515
0.4358
0.4358
0.4632
0.5218
0.5336
0.5394
0.5199
0.5375
0.5902
0.6469
0.6313
0.5512
0.4788
0.4378
0.4554
0.4769
0.5082
0.5179
0.514
0.5316
0.5433
0.5336
0.5179
0.5257
0.5414
0.559
0.5472
0.5179
0.4886
0.4691
0.4573
0.4749
0.5003
0.5218
0.5414
0.5492
0.5512
0.557
0.5648
0.5785
0.5785
0.5961
0.6254
0.6215
0.4632
0.3713
0.3694
0.3518
0.3538
0.3655
0.387
0.3968
0.4046
0.4261
0.4534
0.4906
0.5082
0.5492
0.5863
0.6098
0.6274
0.6567
0.6704
0.6372
0.6723
0.7407
0.7857
0.7036
0.6704
0.6626
0.557
0.4808
0.4808
0.5199
0.5629
0.5942
0.5414
0.4964
0.5512
0.5414
0.5257
0.6958
0.6469
0.5238
0.5609
0.5746
0.5609
0.5648
0.5609
0.6196
0.686
0.7212
0.6743
0.6841
0.6528
0.6137
0.5902
0.5785
0.5629
0.5433
0.5218
0.5023
0.4808
0.4652
0.4691
0.4808
0.4945
0.5121
0.5394
0.5472
0.559
0.5668
0.5746
0.5785
0.5844
0.5902
0.602
0.6039
0.6039
0.602
0.6157
0.6059
0.6039
0.5902
0.5863
0.5863
0.5902
0.5727
0.5766
0.5805
0.5883
0.5805
0.5746
0.5922
0.5942
0.6137
0.6801
0.6665
0.645
0.6528
0.7036
0.686
0.4593
0.4398
0.3733
0.2775
0.1896
0.1779
0.2795
0.3479
0.3166
0.2834
0.2306
0.1876
0.2384
0.2091
0.1485
0.1994
0.258
0.3948
0.5746
0.7388
0.774
0.7798
0.7486
0.6645
0.6352
0.6215
0.6332
0.6547
0.6958
0.7134
0.7271
0.7271
0.6938
0.6841
0.6469
0.6098
0.5981
0.6078
0.6274
0.6117
0.5981
0.5336
0.4808
0.4358
0.4398
0.4515
0.4593
0.4847
0.5042
0.5316
0.557
0.6039
0.6332
0.6235
0.5981
0.5531
0.5277
0.5121
0.4827
0.4398
0.3831
0.3968
0.4143
0.4691
0.516
0.5257
0.5121
0.4847
0.4573
0.4378
0.4104
0.3889
0.3753
0.3577
0.3283
0.3108
0.2912
0.2834
0.3088
0.3674
0.4241
0.5023
0.5727
0.6372
0.6704
0.7056
0.7368
0.7798
0.7935
0.7994
0.8287
0.858
0.856
0.815
0.7779
